50 7 0.3990882115652763 
10.0342895199 10.0498450931 9.88745876352 9.83861438792 9.88068479752 9.94472601053 9.91115599231 10.0307431604 9.94765605993 10.0729403078 10.0482764603 10.0566380152 9.83317868975 10.0576495331 10.1139140448 9.97473605865 9.96033222953 9.94658919392 10.0435975194 9.85165794014 9.95983070379 9.78238238457 9.88371499805 9.89224126501 10.0752844599 10.0206205956 10.004249161 10.138831354 9.94267936887 9.95892037296 9.93126405637 10.0107430954 10.0940508506 9.81246686276 10.1004023783 9.90928348976 9.96452718806 9.91764108476 9.98152890296 9.96728851977 9.81034280117 9.92853822319 9.99214618923 10.1393530148 10.1043278322 9.89639504572 10.0234492325 10.1727190855 9.97324821686 9.90110899543 
100.00386446 99.9026453953 99.8656190494 99.9463699476 100.016049128 99.9748074185 99.9227315168 
7 6 5 4 3 2 1 
7 6 5 4 3 2 1 
7 6 5 4 3 2 1 
7 6 5 4 3 2 1 
7 6 5 4 3 2 1 
7 6 5 4 3 2 1 
7 6 5 4 3 2 1 
7 6 5 4 3 2 1 
7 6 5 4 3 2 1 
7 6 5 4 3 2 1 
7 6 5 4 3 2 1 
7 6 5 4 3 2 1 
7 6 5 4 3 2 1 
7 6 5 4 3 2 1 
7 6 5 4 3 2 1 
7 6 5 4 3 2 1 
7 6 5 4 3 2 1 
7 6 5 4 3 2 1 
7 6 5 4 3 2 1 
7 6 5 4 3 2 1 
7 6 5 4 3 2 1 
7 6 5 4 3 2 1 
7 6 5 4 3 2 1 
7 6 5 4 3 2 1 
7 6 5 4 3 2 1 
7 6 5 4 3 2 1 
7 6 5 4 3 2 1 
7 6 5 4 3 2 1 
7 6 5 4 3 2 1 
7 6 5 4 3 2 1 
7 6 5 4 3 2 1 
7 6 5 4 3 2 1 
7 6 5 4 3 2 1 
7 6 5 4 3 2 1 
7 6 5 4 3 2 1 
7 6 5 4 3 2 1 
7 6 5 4 3 2 1 
7 6 5 4 3 2 1 
7 6 5 4 3 2 1 
7 6 5 4 3 2 1 
7 6 5 4 3 2 1 
7 6 5 4 3 2 1 
7 6 5 4 3 2 1 
7 6 5 4 3 2 1 
7 6 5 4 3 2 1 
7 6 5 4 3 2 1 
7 6 5 4 3 2 1 
7 6 5 4 3 2 1 
7 6 5 4 3 2 1 
7 6 5 4 3 2 1 
4 5 1 1 4 4 5 
-0.104779241564 0.179350300729 -0.0883713398324 0.0733807080546 -0.085539211208 -0.0635670545305 0.205169798117 -0.14035528524 -0.000609875896108 0.00416432187133 0.00430409270939 0.120262758389 0.137978060785 0.0485573949681 -0.113824252851 -0.0709366572964 0.0995619707158 0.0435856358053 -0.0552867309355 -0.104527054248 0.0414140599022 0.0808033945337 0.216836925863 -0.238059288107 -0.0503338466038 0.0870154410696 -0.0977212909884 0.0354467065328 -0.085626878125 0.0531854173394 -0.0108892794836 -0.0784216583954 -0.12795523229 -0.242117303277 -0.144542460731 0.146026933099 0.0235640176109 0.0812888860309 -0.118585411635 -0.168978114165 -0.22435340798 -0.0896826977903 -0.0847487242989 -0.0805602969045 0.206701614706 -0.167191094248 0.107035198785 -0.0272195741684 0.0477171666917 -0.039121985662 
29.627851862848303 27.321698972251575 9.389320323988851 45.41057381708687 10.240946086435532 8.642513968198744 29.869222852302933 43.276943465749554 22.49486601212167 1615.8597416865364 1600.3786408917224 1562.3516137490572 1574.0818773451806 1567.6777283728352 1579.523902900109 1541.4372338382987 1559.9163542348963 1585.9030988513655 1567.9318247535996 475.41317994573353 498.6308178116711 483.1558429186341 472.79527612294874 485.32282826146485 489.44567136592684 502.3250989718523 505.6204443349488 504.1547802147482 491.5685452642659 128.9962303315488 111.77106110841562 105.52830615768119 144.53532086545403 124.05071054011495 156.78020438359965 137.63343864510227 120.13939923522452 169.30554774383168 91.6152733209296 1707.5709991507294 1694.7324771700767 1652.2150916629103 1674.2237323620384 1687.3094715449008 1694.7902768128945 1688.2579847840886 1691.823579891027 1725.7917471525152 1695.2300421438588 30.713140095416644 37.85396415682884 19.585063171440762 25.75198858635385 30.600072651720154 38.13383035458914 54.13744719138746 20.8532914542019 1586.2318899020634 1570.7513839131955 1532.7262638212576 1544.4552928573678 1538.0512030301763 1549.897387792221 1511.8095797791602 1530.2889115510075 1556.2761431844542 1538.3084470336767 447.02841356547145 470.8136813307799 455.18971074734793 444.4652962494386 456.83852377554103 461.95481772191226 474.6394839407278 477.25435773945907 476.52171853280237 462.9268332914238 122.65477814857721 108.112955105798 109.7784352121206 138.48357829322688 131.12928630082672 155.30005889286556 131.1573564454511 119.33051219406804 178.56223910320165 93.5982540464045 1735.565489851591 1722.72487887278 1680.1297022813706 1702.1757426756183 1715.4325138555137 1722.8300625249217 1716.1764885159182 1719.716165136564 1753.9497964401921 1723.3072416973341 27.616846111861612 33.3800987874958 34.04443497078942 35.25821260993571 7.692170853178567 23.433554978786322 10.063541295812332 1604.5570492211878 1588.9231130125888 1551.3796269303639 1563.0153104299468 1556.6172661319329 1568.4628589587383 1530.0553638302945 1548.7524970970887 1574.41382681823 1556.2087211275639 472.0355823254211 496.836291224693 480.9809232182936 469.5889921062117 481.6190182534989 488.4746233502861 500.8636750732734 502.2691988508131 502.82315205044887 487.3311692657441 149.9258826819775 133.96272512896522 130.87607456367928 165.71561174964302 150.31856403446537 180.27160462335806 158.54198894775982 143.70903567611978 196.1647890082321 116.03201926427528 1710.4526430215494 1697.6092847811233 1654.8785292452976 1676.9890187402525 1690.5623858213182 1697.8015909691853 1690.9291280111902 1694.4230982753966 1729.1446249070098 1698.3488570970148 51.8215518019417 19.154938264591888 15.979336922740073 27.645209523234033 38.371579168227825 26.178195109161287 1623.7477160426959 1608.2350124247357 1570.3049554812403 1582.0166374361916 1575.6135772358327 1587.459875878456 1549.3075287048814 1567.8313140499813 1593.7522187896748 1575.7318134339514 484.409407752798 507.76937952538003 492.2619431190843 481.80772495705776 494.2879089105213 498.6436470123745 511.4894253184331 514.623337314187 513.3288080279431 500.4784790938718 136.5000784184055 118.87844673267124 110.86871570423034 151.90193888850746 128.39846459937434 163.1210924775218 145.11511935127035 126.56720132829176 172.6566924591213 97.71660703097066 1698.4486919128308 1685.6096497988835 1643.074640603938 1665.0916374514784 1678.2183312596223 1685.678601011199 1679.118493387112 1682.6784670402526 1716.7097432050434 1686.127449498929 44.14283338303631 48.56161438217366 40.75765599977746 54.52855046824174 27.174643182060294 1572.7815014636228 1557.2114957837239 1519.4679833564558 1531.1418221813387 1524.7411261789305 1536.587314384051 1498.3107299524593 1516.9180082526623 1542.7161841608147 1524.6122822691266 438.6597321031277 463.5497631929903 447.6637523322341 436.21748711181 448.2390522060998 455.2845146038614 467.610722780292 468.89292799001066 469.58458226413796 453.9565163826684 136.23820388371493 123.16885665889687 127.45415918756478 151.94225190555053 149.30397197942975 170.55798970998308 144.526527221266 135.28792685647204 196.98905372713125 110.89683386072956 1743.8325980733052 1730.9892510457619 1688.2582524341076 1710.369095640399 1723.9379091575317 1731.1806958901886 1724.3088677701144 1727.8023171587913 1762.5180272703699 1731.7266976422059 5.120356375279279 38.09635491710005 52.557269604834445 26.70678853258164 1610.4916531283964 1595.0650993435263 1556.8716965057874 1568.6339711049266 1562.228087422701 1574.0737621467729 1536.101307867234 1554.5030789199457 1580.602295555454 1562.715001857258 467.8640300027807 490.6788436895924 475.3025240116994 465.2037317519665 477.85274485417864 481.3052171167896 494.2927803450164 498.049597049723 496.0913459982446 484.2355061754194 119.03528509193276 102.02488816705609 97.00712810676518 134.62910158406294 116.27418118558484 147.44370822300266 127.67766809668039 110.79358035615334 162.26197970228438 82.56584228160355 1715.5471468081969 1702.7102432333168 1660.2445566719846 1682.2285154012993 1695.1979299579714 1702.736191893793 1696.284277244573 1699.866438487354 1733.6546586743511 1703.1503327490555 38.36293079506808 51.914036991882575 29.067242834575474 1615.6111089764622 1600.1838526291501 1561.9919615777385 1573.7540892034976 1567.3482147584466 1579.1938932612316 1541.22036032509 1559.6229574975393 1585.7208537364204 1567.8320237293278 472.82229322075864 495.550279822104 480.19775318802044 470.15408676379 482.82501813526613 486.1276754729221 499.1438831565915 503.0031314969788 500.9342654779553 489.23044691608993 120.76137572283383 103.3649628495414 96.89240240050401 136.2396855071057 115.52410126757627 148.19621768364485 129.38958066089447 111.56335834548298 160.98581813792245 82.99148746787651 1710.6986968157285 1697.8622372218217 1655.4101319756192 1677.3875450186924 1690.3276996459667 1697.8801044944564 1691.4489251384098 1695.0354846454134 1728.7782182735293 1698.2878636971811 16.122702879852092 17.290136467223018 1610.7964636693202 1595.1350890744184 1557.6795967105284 1569.2982007369963 1562.9014131046774 1574.7465875260666 1536.2823941602646 1555.0183975558753 1580.6199976653384 1562.3720736955104 479.3837272354202 504.30100889539193 488.4210098437889 476.9516608824275 488.93789154076796 495.9924943548029 508.3499839798972 509.61532696822457 510.31754438814323 494.6011523746386 155.7614170115423 139.41596809013623 135.04788410336585 171.50643427586058 153.88647254913863 185.33864625772335 164.39549386901214 148.70856991903605 199.1345831439176 120.64396691104123 1703.1549903738255 1690.3113584281177 1647.5622545221433 1669.6814224347631 1683.2989736644677 1690.5158057721685 1683.61307359359 1687.1007601615404 1721.8901042189555 1691.0729035733218 33.35240011422703 1619.472504740038 1603.7295704654175 1566.5411780652007 1578.1074172398187 1571.7147497588521 1583.5580767534957 1544.924937302284 1563.7769508412578 1589.1978246614651 1570.8232422199408 492.01172664336565 517.4579212448592 501.46221857744496 489.6433804656652 501.43855520077267 509.42347956728725 521.6140021107785 522.2271388650419 523.6225350372475 506.8979394978939 171.18695783630923 154.5061418107518 148.71599468932655 186.87914636118646 166.7061587740503 199.96329464098488 179.82958735006594 163.31256465691155 210.97570376904724 134.8838430165017 1690.917173625088 1678.0726578521314 1635.244340466463 1657.4010697167134 1671.20845062047 1678.329584245529 1671.2952606982801 1674.7551224812037 1709.8361833581741 1678.9288295077565 1599.9217703421834 1584.3427259409264 1546.6242468244118 1558.2940299110337 1551.8936157708608 1563.739761898477 1525.446558275916 1544.0656540124264 1569.8452908218055 1551.7250762594426 464.83413881251664 489.2410546677528 473.4749484645374 462.3420017418078 474.50674618879077 480.6794747266282 493.18869257883244 495.06985345223825 495.1175262419875 480.3642562883066 140.23251468430198 124.51914085842715 122.45974338355242 156.04080479724328 142.42312255211675 171.0655300329538 148.8346378401996 134.58360260677293 188.77944018049152 107.26173436945551 1717.591963749563 1704.7495494083503 1662.0730050811276 1684.1577267674722 1697.603843079901 1704.906759092775 1698.122528728556 1701.6350434240496 1736.1605622686918 1705.4258473019754 18.419044559049897 57.324540507936824 44.29751441636944 50.47263401992015 39.36695789179007 74.63271418380138 56.56736478898356 32.35275478820374 55.15021943330673 1166.6955025555446 1158.0370256523765 1168.5072705624705 1170.2383772483436 1155.4463350962467 1173.150209042621 1157.734083522486 1139.4129465398032 1157.322980378233 1146.2115552823873 1578.8484143038277 1591.1560682195916 1619.9371149849699 1578.176005524931 1636.1720720303758 1600.7972221233933 1577.0750533038274 1602.1938240671511 1663.5656788367808 1609.836478217158 3276.538236713582 3263.805671617601 3219.63478684705 3242.4088246161186 3260.2311546460796 3265.2267977949323 3255.2910118592717 3258.0617935099513 3299.2718081050007 3266.737830192798 48.61043472178019 35.94522483566314 41.03538153109282 32.51199105848506 59.08920217251053 44.34413271243279 14.652961495626334 36.78170576047319 1152.4671255371834 1144.1811338921239 1154.5098931853793 1156.0265994175804 1141.2051938896402 1159.381643890544 1143.9545629973995 1125.3199776049462 1143.5756400265086 1131.904390465937 1564.1901248619538 1576.3929132834255 1605.1422801737579 1563.6307687681856 1621.4888480686702 1586.361759239562 1562.4771024109098 1587.4993307036432 1649.1522646655194 1594.9487238349075 3259.556434414458 3246.827609488341 3202.643122042223 3225.422899182349 3243.30686352061 3248.2669475158227 3238.287568575367 3241.047544637855 3282.348619956204 3249.7924890251616 13.093856563356722 7.639011877707655 18.013035877344727 33.050334596142456 12.213843563232958 40.0468400016895 47.4166974079396 1111.1993532065642 1102.1128605466574 1112.7363515806471 1114.7210448073852 1099.9678290745214 1117.1338536112796 1101.730631391252 1083.756191529491 1101.2869970542017 1090.8187497674178 1523.890708551275 1536.3559557036865 1565.1836178075787 1523.0549019077646 1581.2463179301521 1545.5229086500594 1522.02929010533 1547.2879808018834 1608.256983576515 1555.232426255073 3227.310809394878 3214.5634291848896 3170.4512335803074 3193.2002301955386 3210.7703602733595 3215.9096588018006 3206.1547901578915 3208.970847566403 3249.804663047422 3217.3615515916104 6.412719176786022 5.456028998794238 38.23628889784013 15.462898402485527 29.15351003654396 41.88968019977115 1123.5152504486898 1114.566042156952 1125.1398876756882 1127.0436893625365 1112.2779674593896 1129.6175641311725 1114.2098816240741 1096.1226189374458 1113.7770058911385 1103.101790339826 1536.046240445615 1548.4641227097288 1577.2781512647782 1535.2601041329162 1593.3928380217774 1557.775341118908 1534.211519248078 1559.428107927808 1620.5206118846431 1567.2822215120639 3237.890064285206 3225.1464977643964 3181.018436626216 3203.7742352020186 3221.4112257679003 3226.512540070592 3216.7097855622033 3219.5139152345955 3260.4475118853543 3227.9800910699414 11.84631582749581 33.11240688496363 10.134759032353726 32.515615957016664 41.68290626258967 1117.1151322883986 1108.1822147686405 1118.7492047720177 1120.644185220631 1105.8773451358259 1123.23853375047 1107.8301359085333 1089.7275794342984 1107.399049472391 1096.6989251201621 1529.6359899936524 1542.0524583265192 1570.8661911167283 1528.8520310465665 1586.9822605420875 1551.3700443340158 1527.8023474164645 1553.0173254511058 1614.116062877952 1560.8696415406243 3231.634954597323 3218.890685201702 3174.765513019961 3197.520072590019 3215.1449725792386 3220.253121888229 3210.459127751529 3213.265467461171 3254.1809207627466 3221.7178438300275 43.17260401298027 20.6883978259226 27.828469981437017 43.47125496674135 1128.8777172299797 1119.8934729280438 1130.4810271082263 1132.4046368796678 1117.641704776148 1134.9359418521221 1119.5295972167028 1101.4731663272166 1119.093424693342 1108.4713898556918 1541.4403418043466 1553.8658229802127 1582.6819328332228 1540.6454942015268 1598.788474622635 1563.1516951537938 1539.6010366213402 1564.824768258093 1625.8947462816247 1572.6923981555674 3243.319657802796 3230.5763578998 3186.447201049358 3209.203470871728 3226.8449449753107 3231.9437525549074 3222.137678229525 3224.9409520418344 3265.8813513122013 3233.4123502217235 22.993715140232744 44.92248335437448 33.89197954801398 1093.4495904276278 1085.28852021279 1095.5629499678546 1097.0133282871734 1082.1845963322173 1100.5257534497052 1085.094387659652 1066.3417533185152 1084.7298098799533 1072.8682540657867 1505.1033280744296 1517.3037253767222 1546.053484223621 1504.5526146327059 1562.4009320350683 1527.297684454532 1503.3941536907585 1528.4110672610489 1590.0914022332404 1535.8640696370255 3202.2841294997515 3189.5476716080702 3145.3915508296004 3168.1592929708186 3185.919035551928 3190.9498755825753 3181.060436324713 3183.843224775443 3224.9584513893055 3192.446259303981 32.97953534386315 35.96608630575752 1110.1595896425727 1101.4697278958351 1111.945023299053 1113.6997658041319 1098.9126704100188 1116.5838066479657 1101.1673841551187 1082.8589898437906 1100.7572185309325 1089.6902331010506 1522.419305845574 1534.767283092552 1563.561271156959 1521.709499540892 1579.751373529537 1544.3001914930621 1520.625208975431 1545.7777563345496 1607.0627908480642 1553.5030368785062 3222.8733384123 3210.1316242275457 3165.996086698012 3188.7550722319434 3206.4246499658834 3211.5072324062876 3201.681597800409 3204.480137326893 3245.4618459780813 3212.982437433698 23.405286437879713 1138.361532216123 1130.2083415432671 1140.48538956544 1141.9266319351811 1127.095488425955 1145.440793572539 1130.0100663257006 1111.2622080262377 1129.6431816168586 1117.772433331511 1549.9379609990287 1562.1087813061567 1590.8484459160773 1549.4139384461969 1607.2284764104072 1572.1799205206664 1548.2436864406434 1573.2358402799562 1634.9769342521627 1580.6277891448499 3244.907001957261 3232.1780084437455 3187.994144995605 3210.773652476612 3228.6553209401877 3233.616592736741 3223.639186158904 3226.399742566034 3267.6970490711365 3235.14160489225 1122.3524987007597 1114.7569196263244 1124.820825321491 1125.9415851946778 1111.070091157901 1130.1149188268369 1114.6720634716332 1095.4625662186545 1114.3529928618489 1101.6503090947065 1533.2157740881175 1545.2280396986728 1573.9170014276679 1532.8607912706516 1590.4625157084902 1555.7876201636452 1531.6119473861854 1556.4567696986066 1618.6101326116875 1563.5577819907633 3224.5248729155096 3211.802099814873 3167.5965038731147 3190.3851420756364 3208.366861044334 3213.2703181948737 3203.2219660748838 3205.9648447029713 3247.4099769200548 3214.8189036941835 37.089799887507034 22.7331992266609 3.914414888111124 11.326005157030002 45.17617314625723 44.21950636484838 30.235809380316006 47.26677014015648 21.94632704454607 415.06048530302286 428.96831399410934 458.08551226149325 413.00346164124676 472.4399399779703 434.68367844511937 412.4970998667265 438.8039227898772 497.2750860163264 449.9322179416608 2182.4259851214993 2169.5835235158474 2126.8935206919177 2148.9873381619263 2162.4078560986163 2169.73800949538 2162.943597906236 2166.4467229813945 2200.945194496357 2170.2485432387502 17.098102982512255 36.557787755128665 37.292795058805176 17.282482225198073 7.222134545447459 29.329091060544116 10.262595177307652 45.169142549228354 430.49649210571204 445.4053219257154 474.51122838736245 427.18023387791317 487.5460064128599 447.45422091392356 427.2780979643421 454.3726887836858 509.445373677709 467.4453645472648 2206.1976967124947 2193.359595209177 2150.8433151608187 2172.854544152911 2185.8764491413476 2193.40429300617 2186.886805329635 2190.4478295102704 2224.328246783656 2193.8267592728434 21.10064298461175 27.20910761435567 22.509968895723237 23.39218052903759 30.560189053350133 26.294022115041958 37.65429872847774 417.2174153497137 431.8205727019647 460.9469533776413 414.3060654754288 474.4077402889931 435.0632283766258 414.2071353508602 441.06691785734375 497.2973920651725 453.54250682558694 2190.707277231008 2177.8678636548057 2135.3069998050855 2157.33940997413 2170.4631440984936 2177.9404846292505 2171.3527329721483 2174.899258967195 2208.937620131325 2178.3854566146424 15.088351780762604 43.20989481262397 43.543805464169935 32.868712300212444 46.56783218662795 25.851099455387985 411.7870590725361 425.76477399475857 454.88628378402467 409.65073009362874 469.15496094560973 431.25359788219464 409.18136727150784 435.543553855322 493.82123698728867 446.8094523689445 2179.928026673916 2167.0859259938306 2124.4141713020003 2146.4993062484473 2159.8777401707057 2167.228755906888 2160.463838237174 2163.9732311607595 2198.4064610512737 2167.7299968890406 49.11851041833462 44.46331738687926 21.465196945897404 47.45293188936668 11.312359950454699 426.03301688038107 439.84708462292735 468.95707462101274 424.07339290482525 483.4253015263086 445.83794582467374 423.52283785233107 449.7586190441977 508.45215899943804 460.69478041377425 2192.0655910277173 2179.2224912873016 2136.4967476263782 2158.607579280658 2172.1105722118978 2179.399876044809 2172.5474240838157 2176.038129108619 2210.664493872438 2179.928613012678 15.456703754380886 45.89778894385502 15.943723962773943 58.75509569949692 418.1236595807154 433.3744451132625 462.43603271264504 414.3749267493925 474.9799377692463 434.15942982333837 414.67971561949133 442.01247800262064 495.8934857735809 455.7917864160568 2196.7934856360375 2183.958429663655 2141.5335889132953 2163.501112840599 2176.320875851111 2183.947536228482 2177.5712968763974 2181.1617870484947 2214.7275446324643 2184.325611037243 34.99092849025268 3.0506794392737016 52.05657947574928 432.6430139277039 447.74199650209084 476.8265118667561 429.0774701304823 489.58759604958345 449.05546160958556 429.2959852771569 456.5285535312477 510.88629932288785 469.9847843619529 2209.839875578773 2197.00301132681 2154.5255475799263 2176.518272074174 2189.453191093393 2197.0238198633815 2190.5667767081463 2194.1403461876234 2227.8855490948254 2197.427130627839 37.37506024493724 21.790374204927534 444.01753467214184 458.17653217161705 487.3051697465179 441.6226331706019 501.3432116891064 462.9046432773309 441.28152737297955 467.8079328405171 525.3460957440506 479.3861805966298 2212.661737634364 2199.8192825657234 2157.129069071702 2179.2231214199965 2192.6412717323788 2199.9733330126287 2193.1791614075096 2196.681972352721 2231.1773998114445 2200.483197048124 54.89952541688555 433.86076556619594 449.03540531655034 478.10949386152976 430.1945217262489 490.75921794952484 450.0505349008529 430.46194419002927 457.7484420896382 511.81190824507144 471.35830469258514 2211.632684073003 2198.7963372946697 2156.33430552631 2178.3196708086734 2191.22015914567 2198.807700263444 2192.374560370303 2195.9530758928254 2229.644733572031 2199.2034325443033 434.43157808086784 448.0054416046739 477.09189333481197 432.74392373030963 491.847237811359 454.7732451812302 432.0663394894747 458.10563055225623 517.4602691426292 468.57680058041706 2197.744099885829 2184.9001605246112 2142.116715096537 2164.2549358217475 2177.893458597499 2185.115159056071 2178.1677654693826 2181.6381961453576 2216.4743156027175 2185.673899701971 19.312675245756054 45.483625260652815 15.833537614979528 57.42336976889598 38.22179795713246 8.644629259666745 23.889146368008575 91.74846421285444 45.265934054779436 1790.144094158658 1777.349399766103 1735.6790434397144 1757.280156524674 1768.5936237341639 1776.9268074591769 1771.6182807605617 1775.4294374003023 1806.633266985983 1776.9801668382374 29.131718783560597 33.386677981478215 46.52548375219034 47.38921476859401 27.282650278961096 14.830415882770541 88.35881625853403 26.008600389246915 1772.479663057142 1759.6801041145811 1717.939876917771 1739.5746865097535 1751.027205311451 1759.2947030609885 1753.8912083710247 1757.684067817863 1789.1063750527044 1759.3782066600268 54.827110071739824 23.09843736519819 54.78745396783173 51.23272357098594 22.924782963603906 70.75300462654445 17.042534286062985 1744.6709684466125 1731.876915380885 1690.217730625796 1711.8129439530296 1723.1118555004587 1731.4500288268857 1726.1546825672822 1729.9692204503924 1761.15001427359 1731.5006931461894 61.181976985374604 27.341119312516323 7.433419900114313 31.90547594505518 87.47350431331596 58.30627300226764 1798.037484769414 1785.2518789587828 1743.7065102153297 1765.2470328081358 1776.3187091450834 1784.7645807641943 1779.6226211624985 1783.466049764426 1814.289222656118 1784.7658490357321 49.94662577867298 60.3017829544715 34.023364404106424 47.92984732943563 40.05066840495422 1737.6442245577523 1724.8656882000514 1683.4158177801723 1704.909238751272 1715.809363514216 1724.332074494984 1719.3126576873935 1723.1808024780792 1753.7335827295592 1724.297131249099 32.87129625963146 36.65124889797353 62.85771850976025 65.4456910897558 1785.5445547243132 1772.7769344552662 1731.460826474988 1752.8896795190728 1763.532290367713 1772.1751157788644 1767.3300839913818 1771.230779349217 1801.3766550108885 1772.0845538665465 28.55851231570294 90.46521125470109 52.88909877755807 1795.5914328429544 1782.801091641208 1741.1915135386764 1762.7631911165984 1773.9583187811047 1782.346817776034 1777.1197278353927 1780.9466712667422 1811.9642994186102 1782.3746496917813 73.63306072463348 29.142079947698793 1767.0390071413965 1754.248280005186 1712.6346622116077 1734.2079993162733 1745.4153154596208 1753.7970342160306 1748.5634422083656 1752.389617329073 1783.4263833326754 1753.827763113424 87.79501164094465 1732.8108454712756 1720.0731433040773 1679.1016525501416 1700.361634519343 1710.3876500656409 1719.3076564696337 1714.890765640385 1718.8730350406045 1748.0423272259131 1719.0863096458627 1747.797243997615 1734.9927863914204 1693.179446191197 1714.8494231068673 1726.4499485936208 1734.6469850148524 1729.1427982029425 1732.9162718598939 1764.5707281855205 1734.7626813115837 12.844924629827268 57.084990395173364 34.18325597064808 30.70612110848347 15.092126419043327 23.458145841013117 23.751414437445654 35.07821556791637 19.250396984515582 44.6067630604148 21.697670954483907 24.538296817439317 8.400505255482889 14.39942886634507 17.552675959046432 43.36959082831299 15.130833764248962 22.92472009959748 50.674513775303744 47.825671589022875 36.05105037307896 39.77275237379194 85.47470589504327 51.558664766148944 33.018456709815176 25.71316274569177 15.152680070682381 20.305553700892485 63.605201548434806 30.501890309725532 16.76841946959394 36.189392909081185 40.88975505819823 39.04438369558954 11.47474786014875 22.227640901576642 25.873831055193754 37.89512419573961 6.735777146101204 5.683727198640645 57.22025237484039 28.813379414907047 58.56713404350707 32.60026096261258 34.05036746985959 
