100 7 0.8
56.1858980822 59.2488249704 54.1883968324 56.1163054922 54.0463179206 55.6182451395 59.8841512348 62.5449968997 67.134889907 62.2772687014 62.1209060172 54.8838824669 59.7196758436 59.8474422373 58.975263919 56.8236696657 57.9494570016 61.4602926296 67.3561515228 56.8485942497 58.1226093607 63.0660667809 64.5295959023 62.1989141958 66.59854599 58.9119157862 62.3168536601 50.4366102234 52.284907159 63.3712977464 61.8397172682 66.2219408551 59.5463565993 64.6076148614 63.2171836904 53.99879437 60.356218363 52.41802531 62.3401761109 54.7592623485 55.584260486 53.0738012456 61.021222152 60.5902352525 63.7131993779 66.6500632026 63.1697285619 57.1274394284 54.3654027471 59.1068830922 56.6248437689 60.4708505451 56.8622070586 60.7870505251 50.1094672372 54.3390326523 60.3070746804 58.6760348668 59.5990391497 70.6788142353 63.9866626913 63.6418796524 64.7164263553 65.8519922577 69.500455267 61.8279874959 67.2796259738 59.9101657601 58.8334275434 57.0368606246 69.4436254412 61.8215943277 66.0758128715 62.9891841205 53.8297153056 60.9450244923 62.7784358765 68.0816360423 57.8861917445 52.5143825663 57.9369646723 68.4702325222 54.5918213225 54.4108996774 65.2514398283 59.1548961431 65.4470369619 59.9204652926 54.1096106855 50.6532337974 64.4494270127 60.889497566 54.3491658174 59.6405480889 65.7809754322 64.0598222904 59.8416623337 64.5147276434 64.4399057147 56.6655832084
480 480 480 480 480 480 480
1 10 1 1 1 1 1
1 1 10 1 1 1 1
1 1 1 10 1 1 1
1 1 10 1 1 1 1
10 1 1 1 1 1 1
1 1 10 1 1 1 1
1 1 1 1 10 1 1
10 1 1 1 1 1 1
1 1 1 1 10 1 1
10 1 1 1 1 1 1
1 1 1 10 1 1 1
1 1 1 1 1 1 10
10 1 1 1 1 1 1
1 1 10 1 1 1 1
1 1 1 10 1 1 1
1 1 1 1 1 1 10
1 1 1 1 10 1 1
1 10 1 1 1 1 1
1 1 1 1 1 1 10
1 1 10 1 1 1 1
1 1 1 10 1 1 1
1 1 1 10 1 1 1
1 1 1 1 1 1 10
1 1 1 10 1 1 1
1 1 1 10 1 1 1
1 1 1 1 1 10 1
1 1 1 1 1 10 1
1 1 1 1 1 1 10
1 1 1 1 1 10 1
1 1 10 1 1 1 1
1 1 1 1 1 1 10
10 1 1 1 1 1 1
1 1 10 1 1 1 1
1 1 1 1 1 1 10
1 1 1 1 1 10 1
1 1 1 10 1 1 1
1 1 1 1 1 1 10
1 1 1 10 1 1 1
1 1 1 1 1 10 1
10 1 1 1 1 1 1
1 1 1 1 10 1 1
1 1 1 1 10 1 1
1 1 1 1 1 1 10
10 1 1 1 1 1 1
1 1 1 10 1 1 1
1 1 1 1 1 10 1
10 1 1 1 1 1 1
1 1 1 1 1 1 10
1 10 1 1 1 1 1
1 1 10 1 1 1 1
1 1 1 1 1 10 1
1 1 1 1 1 1 10
1 1 1 10 1 1 1
1 1 1 1 1 10 1
10 1 1 1 1 1 1
10 1 1 1 1 1 1
1 1 1 1 1 1 10
1 1 1 1 1 1 10
1 1 1 10 1 1 1
1 10 1 1 1 1 1
1 1 1 1 1 1 10
1 1 1 10 1 1 1
1 1 1 1 1 10 1
1 1 1 1 1 10 1
10 1 1 1 1 1 1
1 1 1 1 1 1 10
1 1 1 10 1 1 1
1 1 1 10 1 1 1
1 1 1 1 10 1 1
1 10 1 1 1 1 1
1 1 1 10 1 1 1
1 1 1 1 10 1 1
1 1 1 1 1 10 1
1 1 1 1 1 1 10
1 10 1 1 1 1 1
1 1 1 1 10 1 1
1 1 1 10 1 1 1
1 1 10 1 1 1 1
10 1 1 1 1 1 1
1 10 1 1 1 1 1
1 1 1 1 1 10 1
1 1 1 1 1 1 10
1 1 1 10 1 1 1
1 1 1 1 10 1 1
1 1 1 1 1 1 10
1 10 1 1 1 1 1
1 10 1 1 1 1 1
1 1 1 1 1 10 1
10 1 1 1 1 1 1
1 1 10 1 1 1 1
1 1 10 1 1 1 1
1 1 1 1 1 1 10
1 10 1 1 1 1 1
10 1 1 1 1 1 1
1 1 1 1 1 10 1
1 1 1 1 1 10 1
1 1 1 1 1 10 1
1 1 1 10 1 1 1
1 1 1 1 1 10 1
1 10 1 1 1 1 1
1 4 4 3 8 1 2 4 8 2 2 5 5 3 1 4 1 1 4 7 4 6 4 3 7 4 2 3 3 4 1 7 2 2 6 8 2 4 3 5 4 2 6 1 1 4 1 5 7 6 4 2 8 8 1 2 8 4 8 6 5 6 4 7 4 2 8 1 5 2 6 7 8 7 7 7 3 7 5 7 5 3 5 2 7 3 7 1 3 3 7 4 8 4 2 1 6 1 5 1
1.3572428916995785 7.70429998967459 2.302344458934755 2.1312001416795594 6.616070478387579 3.139024225470818 4.9223546806886205 7.507336171762839 5.027457472816897 3.1633663710557682 6.355568480226645 2.405707583424607 7.070460682064695 6.2204573490804895 2.0866623448862915 3.4282960966416516 5.2113677903963405 2.785645763310921 2.2749996562363366 4.271847075264848 7.170673564087146 3.092399666725669 2.4991815560250403 2.147003974295976 5.0960515387105385 3.202608968414758 3.436731098037418 5.765689409592754 7.651988471280788 7.134395578973943 2.9621980835120665 6.588180013816514 1.7990370800574782 0.044277420230242726 0.5081516144262013 6.034714383611878 2.38112322304805 1.1971045756776908 1.2488558771788556 5.569758515329549 2.5268517694238266 0.24521119876328257 0.6401623457454351 3.111854767201109 4.123205506569531 4.105378263529601 4.688189567976429 7.12343807761681 5.289717709333616 3.621568910549124 6.842113551288422 2.4199809651378894 7.9558866241438935 3.222713419052875 5.530457328390073 4.574288419195856 4.695400588017612 1.5954432777941276 6.819231539675207 0.07278043494244724 6.8614384184283415 6.439254696198508 5.376221914012467 0.3260481948111966 4.268865545767541 2.1249047144111604 1.0023084989847986 1.951647538402498 5.156824020260064 5.7262606300946315 0.3929553559136538 1.1449234165701716 0.033900713518276504 3.121322860253551 5.256674349361316 2.938580219651082 6.425702843006091 7.943739413908059 6.676652732349959 5.3932655103731015 2.836326141866655 5.490506219209584 2.644606494973723 1.0596059303195409 4.0390217244916204 0.6263257894436416 2.140764523806249 1.302668791487113 5.593173153288903 6.534631780621666 4.790288868526684 7.492955259717521 6.778234835211313 2.8784330853916735 3.3222415815634356 7.681586750086986 7.504804864564328 6.386379265045666 0.039325946255408084 2.9724377673638473
4.114632061898397 6.467283086921136 3.6616109528170413 10.750380772544851 18.82309726645456 5.609031150039128 9.21922574568111 6.718416468175927 9.432126858167216 35.87033033793802 34.86264417845433 30.911583073076734 31.112039434846253 30.73675409497987 37.256414664591354 42.29873100791179 38.268978936272866 34.43331929832554 31.622286990112627 37.87734945142664 26.876263029661008 32.66205714073463 30.902186379187512 40.14989890678292 27.299202451111398 29.294112488626286 36.43976296628063 30.821210659954435 36.30590695039861 179.52743826813168 178.8226399820682 169.23386921652317 180.09366575531456 175.37204507174812 178.4197740528426 174.02208843140625 177.52577325609565 174.72663036250682 176.0174140100652 60.518531898925374 59.79814597597313 68.58505200912748 57.74556719729613 66.54069244694905 72.68065867820862 66.58483015535508 64.5048118563185 53.85227749638521 57.29468793805665 67.36838002538205 58.7785280820678 60.4610586426579 65.47421977109988 78.97455597866043 71.72027906072732 59.89475263269665 69.86146268174559 64.4835845189965 70.83202380523417 23.412030799780403 22.271269041700105 16.13838588769721 26.375085651501866 15.921086376720107 6.63145529504406 20.460314500510435 21.878640547605247 21.607877003721892 23.608974059580646 85.22332758756423 80.79350764784736 90.93905675580173 75.07358068999065 77.01434462214681 82.66566094928967 82.81967528996827 78.29123126259698 76.61076474033145 80.6216182795801 56.70847815348553 49.3212115610731 50.02024558799802 53.89773185243391 54.79198706895018 53.44117113872544 61.895903221428426 62.321714516734936 58.59520013855733 50.80616671571416 29.195567347438278 18.044081356979966 8.661577492666426 19.231575751715 18.714111205818785 12.893346053141661 28.073415026144772 21.056050021399543 17.2986973713013 13.708812472542098 2.794279539020879 7.334025828523184 14.581480657890506 20.055827834318688 9.67368910420512 6.837682037369569 8.564095459592485 12.596640817565913 33.73428098219299 32.507372409031554 29.750314440820034 28.674662611606795 29.916680799400023 35.25332174224864 40.12283922934648 36.18832665972637 33.10597429251638 29.9544199698379 36.16067547523232 25.040105455323456 30.292399621360623 29.60457730898715 37.48485342923253 24.091846168375017 26.21589887536624 33.485076863964096 27.897620572324733 34.217119594737895 175.79609329923676 175.0268954821138 165.400593371658 176.3522413809218 171.5286164976551 174.69107580772933 170.3977927505402 173.8229734792816 170.99489101924416 172.20272650904568 61.85329045405629 61.250237425105524 69.33541247794707 58.793581177278874 67.94055021383137 73.59082943046272 67.7749346348996 65.36537064851801 54.64411963136587 58.15010917956892 69.88981098703674 60.92321496541042 62.53832493381069 67.57616306911449 81.12614142655545 73.8608148385693 62.069355533212864 71.95346487265712 66.1437265631906 72.72032803118168 20.03696871363166 18.19469437274908 12.422386222035836 23.010721535524905 12.42313710372507 2.6410556454352108 16.408949756047583 17.988030244680424 17.528917673423233 19.655841736764895 88.89193796835444 84.4727920971022 94.69851227141481 78.96252019248938 80.86372194690557 86.27811034084539 86.5100637011496 81.96681680580899 80.42796269383325 84.32131952146739 58.69679361884818 51.35492735903403 52.17506212628004 55.76517799421805 56.87354726962479 55.702764421157774 63.567983751200195 63.931273133444265 60.11291243913251 52.67439332339272 26.324953752594812 16.61684851346804 7.871915396494562 16.58851368981486 17.092078437350747 11.560720748899115 25.85439369954803 18.381219342120513 16.07627420730762 13.573360092776504 9.955732117169964 17.175453722183715 22.621758016736035 12.064682403786179 4.487922667565046 11.33696818324936 15.364563072067272 34.50170942068885 33.10750515404241 31.21619883838888 29.23874258583918 31.577535198898254 36.11223083085135 40.8207315476742 36.982383256140665 34.44463024473653 31.093607722234598 37.221341410593915 26.112330256308883 30.898652477548772 30.98836028079799 37.78228244103293 23.94971050753784 26.193165339768168 33.52874342169574 28.01902851718164 35.017773850524605 173.1228982774348 172.3878856355935 162.78508285758159 173.68394666574326 168.9200861422647 172.0166081821513 167.68107181810893 171.13671105530625 168.32182593745947 169.57521299868975 60.8956986456361 60.37373928578165 67.98912888730683 57.654813254521976 67.0143356995296 72.33615533780579 66.70909983296454 64.09393921365836 53.35492831899674 56.891186611940164 69.80588441867029 60.55279281768795 62.11209406103242 67.15838616593273 80.72512724467094 73.46184085690184 61.719583162209695 71.52008912465888 65.40184264666624 72.13184360097182 17.25012449306258 15.935386601908732 9.716786406125134 20.224207394058443 9.645664712649175 0.9301758560101638 14.080410014082117 15.41152710379414 15.280444283139138 17.14795051580107 89.9616158699827 85.56027137851582 95.89215430763765 80.37217283368835 82.20547193546278 87.27575677920574 87.61112283757275 83.05134257135197 81.71867398944381 85.43688496040718 58.21218065547704 50.926349716489284 51.836843574615834 55.1983915111948 56.464714366861806 55.437765658539874 62.84001174118434 63.15821844500398 59.28440856167463 52.1175683115798 23.553195668492382 14.392681866770385 6.507229744712679 13.883806033716922 14.766795019805599 9.534783216186966 23.232357741663677 15.660717063711434 13.966930410997644 12.178661502734895 7.247460911733335 16.169048239572223 2.883421890032543 12.872939694133304 4.526409722611526 5.832236188646967 35.75236771921509 34.98066300044693 29.93227892370476 31.361126631925675 29.461467388739063 36.99138884320351 42.164804297404864 38.07180717727339 33.55818112300156 31.097992022773113 37.3279238583006 26.589336448662674 32.8203193721341 30.045503617049896 40.553953370625294 28.473696499823188 30.284539055277055 37.20717734134917 31.610119673090058 36.135853791070225 183.0785822353747 182.33732086271857 172.72299315406784 183.63964177230335 178.85368881936986 181.97223351081507 177.61821649801539 181.09059731208623 178.27751656480615 179.5196489971976 61.971879637730865 61.15137704248707 70.49141604221451 59.44798273056908 67.91948589828768 74.45318554615628 68.1434297797025 66.33602812013244 55.77036063009221 59.151534921580726 67.62571226582645 59.47271401694147 61.21859351566261 66.19059655138622 79.60672423651339 72.38010548676905 60.55384281104923 70.57593237538573 65.63357006904286 71.74761776620353 27.050003214699696 25.45483650284805 19.671990292682896 30.01657294664751 19.52521654719804 9.969643014176127 23.704893783982314 25.316050952946004 24.78608110458193 26.989596110391204 83.8272358320322 79.38306706778481 89.35968002040322 73.22537314522518 75.25714967290523 81.37563737442157 81.38545759422203 76.89130214579444 74.92618899935135 79.17242937205062 57.56942409851125 50.16955063881547 50.741189244448954 54.8889667486086 55.56658402713849 54.033720104740354 63.04280774366767 63.52493851763366 59.8941352029094 51.810617986707804 32.84967471520504 21.429017531198607 12.055424079720211 22.874867400950535 22.152565425607765 16.321135168946117 31.626611050406346 24.699704221936564 20.62400594992939 16.661438794473753 15.112215799589121 5.44813815654105 19.718215229255293 8.605550413911764 4.073248200842983 39.03030454173682 38.66663584534607 31.82979484435478 35.345622775262555 30.78513759111305 39.98812100463356 45.28395456930912 41.161913480930814 35.531618065954625 33.80162802145511 39.809234631429206 29.872638667419164 36.62364801693542 32.17427688221239 44.58606914658496 33.83190732791152 35.364040200304345 41.843426532501304 36.38498439433192 39.3162540806193 190.2775148716911 189.56223921876807 179.95918392666215 190.84311971978565 186.0923675947433 189.16995571149744 184.76001035318146 188.27581239340492 185.4766786157351 186.7506641902973 62.92111897312006 61.89987295090263 72.33688538838346 60.94792146955254 68.65938477823495 75.98138607517002 69.25969310374313 68.04961055658312 57.770717708044366 60.984665841106704 66.10229250920838 58.8943961633386 60.74856452866596 65.5894994002249 78.73685425136877 71.61480540977136 59.893386203091595 69.93403165459148 65.91868473424144 71.50272300920555 34.110489378983644 32.66295838134129 26.87988384021497 37.061887213150264 26.665169431872673 17.216121475378085 30.93327091942569 32.559873723332146 31.993279059278077 34.23697011662116 79.16177798723916 74.71046374455302 84.36886819931584 67.84956147370661 70.0215399725083 76.9012897951955 76.66447137375175 72.24725464462665 69.81132006444575 74.43479318390028 57.34868435301641 50.0241479126863 50.330778685980704 54.965572542660894 55.19639372038153 53.31901216082518 63.34585308014117 63.939314193173274 60.543009971915104 51.95635006888098 39.57227455471195 27.302570211543944 18.253561374452627 29.560548361664093 28.147788059977152 22.426536456380234 37.859366744355285 31.376129685600404 26.37399364724576 21.79897297571583 17.384637148562327 26.892901362735255 12.104761495080439 11.826535969690138 26.407697874225203 26.71317872864508 17.86124704404805 24.185467850496632 16.323716812150774 26.918407935196633 32.1660416069359 28.165275843552593 21.46448799143723 20.68751416676858 26.112231502427807 18.035031163130284 25.021098406763937 18.442709414792418 32.89225186953745 25.964667144013585 26.588014943989105 31.478141501774104 26.77265085311285 26.535361331978738 191.24659689522417 189.98863127812905 180.07476049487457 191.72851025960682 186.09079430223707 190.1635006557815 186.55614373511068 189.4772030461295 186.4562346669684 187.0155121272441 77.56514252009781 76.63086462632418 86.48001229241801 75.29694111075551 83.4041413718225 90.33348328011553 83.8323016199601 82.27598247695681 71.78679982183533 75.12203119702394 81.18482607231024 73.97687859878323 75.81857294497739 80.67893399833488 93.8477823509304 86.72006211976769 74.98541113007627 85.02956581868874 80.82456707181773 86.54512919203543 38.8388041260683 33.43010717004049 30.84194162345789 41.714228248478996 31.406970431223204 22.023373633283004 32.29875908856445 35.049762711596486 32.8200680098633 36.112438802421806 92.20480970732955 87.77704656140362 96.91216747665572 79.90653802033096 82.2971982437414 90.19941007851416 89.65217550078859 85.37023245268723 82.28615240820842 87.41758168449597 72.37243654405677 65.02049789849208 65.38001495084889 69.91554012818568 70.24523008728141 68.41165142814417 78.24263149548601 78.80039651085808 75.31227377581597 66.8813928679574 45.821885243954036 36.55113470324089 27.324276567978387 36.459177696832285 37.09512763836087 31.408238758353036 45.85368078255313 38.201840779075376 35.91155418077672 32.53068038674515 14.302325882013225 6.819636472729062 5.845633964159755 38.356878450049685 37.65862035676581 32.20561889658678 34.081400542057494 31.58127699197533 39.54269213529297 44.751399763319235 40.64455347237477 35.866203032354484 33.568774573896285 39.76869442057759 29.16588779595077 35.51382285689918 32.37710560250963 43.29722626599274 31.346213697895752 33.139637793018444 40.02612337729877 34.43800662738181 38.72216397343212 184.99945037719746 184.33731787973568 174.77162378569324 185.57258433483045 180.9154133895241 183.89001279097567 179.4159765499105 182.97779649715804 180.19919039101043 181.54389452849244 60.256562053128285 59.369430244950806 69.10026874667379 57.91713883966483 66.14391886327861 72.95143459717157 66.49209022706383 64.89161468829342 54.416226101726615 57.74068271227918 65.22770737833542 57.29835903160306 59.07581069363993 64.01896706716744 77.37774821233529 70.17185005658543 58.359295091800675 68.39828657380234 63.71326211151407 69.67965016773103 28.743242757354146 27.865109177348703 21.679941836049125 31.68341710921204 21.371486820319657 12.236392510574591 26.064221991952465 27.46791732745633 27.200179291605114 29.21222311642562 80.96131758487171 76.51617649637365 86.4802601982195 70.34314820536024 72.37372779429269 78.52159916586683 78.51624460563374 74.02565503051906 72.04355418852356 76.30211283032102 55.489960071499134 48.0976411846016 48.59696899270546 52.89023270052015 53.44232222322555 51.8148531332264 61.12447498908441 61.64127399439724 58.078440296365685 49.826321361673465 34.1247047838777 21.967588288237444 12.824704501120532 24.113118556447343 22.785134262658705 17.025373746223842 32.46002822683289 25.928231551036205 21.06919894959186 16.665597549112835 15.22334262392811 18.641049991023223 38.440327672458665 36.921661031457425 35.57515596045751 33.04599325971534 36.00530822104007 40.111996691432495 44.68250324653516 40.931580708361096 38.74023664304077 35.29128544105946 41.3541822270786 30.29051299229009 34.72968984810849 35.312250104364914 41.30501817926762 27.150613291621532 29.489097384074057 36.82474531779123 31.44009518586231 38.97908617882956 170.82045345724143 170.24166486998345 160.74169000179032 171.40467846497828 166.90298163622603 169.70837509002288 165.15262589342314 168.7706653651849 166.02150292828364 167.4792534023134 57.04308840920215 56.59760021255876 63.81337812184115 53.649098774659194 63.181490205784364 68.22341779164915 62.752948906403674 59.97575579671294 49.235880128339815 52.790482864378994 66.88567977569149 57.31075813176662 58.802378603585026 63.84718759997667 77.41007397226603 70.16020133094503 58.49848463551975 68.18318358063608 61.74846854681527 68.62541956824876 14.49242289037106 15.81352865980216 8.254129897490477 17.40789582702906 7.47606519695577 5.317252255442379 13.861892813964173 14.201749422932807 15.226357521013663 16.140365933242823 88.6700674505944 84.30705949732915 94.80022496226987 79.69440641705948 81.4003918251812 85.8703536854426 86.37658387005989 81.79849698976967 80.82374032429308 84.23115987834667 54.84656047741639 47.64667822720051 48.659341557322215 51.75025806286259 53.189715760428605 52.33502047591147 59.205157150858106 59.477646544332735 55.55647180856134 48.689449998706806 19.976977261255314 9.905620077723174 3.4212486605726324 10.021149059637004 10.301980202420882 5.120974294090445 19.078571246355274 11.844052370100204 9.489203507903296 8.290669133482448 5.054790620532407 31.565387099853165 30.92522410380545 25.45344379519292 27.408093411459788 24.941194334537567 32.73034080674522 37.94937907425204 33.83834985389646 29.09630222882698 26.749528031546788 32.95336880798567 22.36599269253487 28.800829945068863 25.594634241894738 36.64971436631139 25.29554735960387 26.911376098421968 33.584503713380364 28.05001382491128 31.921801854886056 183.59550574563943 182.68523897747187 172.96792883775493 184.1308997981635 179.06628070377732 182.49613000425367 178.3888067776473 181.67852385525654 178.7949378795276 179.8155879658491 66.48142449653614 65.67006570354951 74.91155091693547 63.91721187203145 72.43688195861047 78.90987835767908 72.64023938531854 70.77639239324796 60.18297988953978 63.583089425853764 72.02156371209307 63.9663332279777 65.72033120006695 70.68557550405446 84.08517416110382 76.86490858810284 65.04182167762157 75.0696254854391 70.15997977570194 76.26405141154855 28.46857457702086 25.251730980068633 20.649145231254852 31.434109535578017 20.842340270182177 10.972804198805429 23.690522252085 25.806755925860408 24.586048959989895 27.27088197666641 87.28968013396417 82.839207789448 92.65200530900636 76.27667851062623 78.39814067149818 84.92912576959263 84.81838240914452 80.36000483405476 78.13952732824899 82.59546003908578 62.08320155051642 54.68380952818853 55.24141961656857 59.41209866117372 60.07186581173276 58.51326808366954 67.56921726724978 68.0507944061104 64.41621000301124 56.33462853893432 34.88741812644175 24.599686492036714 15.281067776887577 25.130153709876748 25.205839461560803 19.438794381935992 34.30110521152055 26.931145485551355 23.908377339244094 20.426183317799794 34.97257005052004 34.59432847299168 27.913069672800777 31.274993501165007 26.972716872505888 35.95091268970825 41.2419161552511 37.11847611291717 31.614042151053024 29.782203298389586 35.82652952274568 25.806519426620206 32.5504132356323 28.22234044745528 40.513954908131694 29.926799684720482 31.39751091502868 37.80593776121417 32.370429702010185 35.26467696482085 188.27565292783913 187.4327581035294 177.7525586296029 188.82175762704853 183.8627487766069 187.1732700393818 182.95469912371556 186.32819746634505 183.474515552232 184.58230223956053 65.75206575362894 64.80758664087197 74.80224968774843 63.54863936523309 71.58031427842344 78.59044262133271 72.03281744716014 70.5682569357359 60.143982917564664 63.439448694231075 69.74378124618872 62.258943751065374 64.08200543688145 68.97069527041604 82.21235999725998 75.0527902996543 63.28485145631597 73.33296321765246 69.00471506544027 74.77769953899717 32.60619106159522 30.104474828785104 25.003323526299607 35.57999726854546 25.01022764628658 15.199402168492963 28.4794092292739 30.414752984251784 29.435658830440953 31.9682022992594 83.23349121679321 78.78225640504384 88.42560718436525 71.8713268666816 74.05952541291056 80.97441892984259 80.73501382015897 76.31965939050028 73.8610240684402 78.5050300574305 60.59572841596211 53.231106714075885 53.62588254693643 58.10707547732139 58.488478507834486 56.71580352097928 66.42170274990858 66.97565927911528 63.48654287211904 55.067294249530285 38.607003351909256 27.226689204607432 17.872223523872993 28.659837549375407 27.96737589727694 22.138535329556134 37.45878900224194 30.48376918273215 26.399030712299673 22.25910262593594 2.447034949249966 9.52986467678195 5.677624230618197 12.022857313390752 1.9691529492256605 6.429775389285886 2.493910943591514 7.5065005363722115 5.814549587070665 4.697956219165769 9.20615808459175 4.015680537059953 8.590675827433337 7.076714118928037 13.789562042490763 11.643139165701065 8.873912014603981 9.50479874921271 0.6565589991847689 177.1885650638436 175.12190152493477 164.86684697519374 177.5364571932496 170.63323293926845 176.1563053855372 173.84967593945396 175.79935784837454 172.4742290083978 171.94265069304686 95.39609247386825 94.87096102851683 102.17039101491346 92.08686324139282 101.51603648175384 106.63723791084041 101.17681849940259 98.3892926323222 87.65415315945067 91.21654846870616 103.21993968813352 94.58292862027612 96.22863155396313 101.25833804622772 114.78882071289965 107.5271900366579 95.71368047353864 105.64119445070415 99.84947908326667 106.45394429699464 42.064386261746186 32.48484139444253 36.13296901206393 43.910972637233314 37.562353925026116 33.57164654466126 32.89354534092699 36.1545924560246 32.27763851181992 35.77049733760542 118.03172523803416 113.58547848671786 122.99166188556323 106.12839143211876 108.45666626864968 115.8592072953047 115.5085183615452 111.14174680236954 108.37442675443926 113.27424087223308 92.41324171151439 85.05534165266417 85.82519286490565 89.49845897895055 90.55970527534298 89.28926219391886 97.27870800968057 97.62205499887631 93.76971091270309 86.40721139234218 49.54387428254732 47.3918263491687 41.00843938944888 43.822891865882866 47.33566429238691 43.450157260136656 52.45233812745405 44.90280924320737 47.35637288337485 46.62756061543927 10.82069757977446 3.8759102535397605 13.399996750943194 4.365266218015275 7.780858398294293 4.52316040751042 9.442360583917349 6.8210621526686674 7.140732094242407 8.872548756917258 2.2151064931517026 9.799961292857807 6.180674044698602 11.549150229988097 9.32082863328632 6.684102084918403 7.137524680554255 3.085766626633444 174.95719381728395 172.92998791667645 162.6892696408554 175.31156663317125 168.4717746530913 173.9222075712982 171.5592514301681 173.5500950920591 170.23770736187535 169.76051053571913 93.95000091393605 93.46473986096704 100.5242495514418 90.55673979338589 100.08144824327374 105.03153362458777 99.672403978606 96.78598559123324 86.06004853642236 89.63041119260494 102.22493721979201 93.42678583225137 95.04569360151466 100.08334991837181 113.63137178915348 106.36638364022846 94.56907081690778 104.46083644705452 98.50831594824042 105.19203571508828 39.96613056047724 30.309872241690314 34.23749694153107 41.74521771723933 35.69337386514073 32.180011454006916 30.78992208154892 34.02464105012588 30.126104700437306 33.57653194651383 117.79788592065222 113.34801316727045 122.86765715042037 106.09880761299948 108.38612936870999 115.5659206438873 115.28826995734859 110.89246648036068 108.26456875194329 113.0558982767616 91.19856371487197 83.8619089854958 84.67529694372996 88.24239781309355 89.38079467561941 88.17944937673556 95.94483899834157 96.2657067936691 92.38735315562084 85.15457069846248 47.40260964236453 45.678629349202325 39.60023913860089 41.93198617210526 45.58295246084584 41.875706321415926 50.432700778021236 42.95970055166189 45.685088743457946 45.16085628780888 10.426766440809352 2.5909688693491644 9.450305244097368 14.489486052590369 10.705355558269064 3.702053933137989 4.032863351699556 8.257905261094328 6.606311918900734 10.13824561189971 1.0544627281889773 16.589331365411336 17.326420721299236 16.206572281488544 17.21181881323894 14.907883091196139 9.429863722294066 184.5749052206417 182.7250755326599 172.5464163798494 184.96004858279213 178.38772387187643 183.52714033617025 180.85302285538503 183.07864535259267 179.83250367992576 179.59660179854833 91.40219940311225 90.70482141001736 99.08510727317106 88.49386606480023 97.44119471575033 103.33158740047382 97.41719050669309 95.11108085857583 84.39339657222676 87.89484827836405 97.42112954595804 89.4042208793975 91.14434015122849 96.12142452377851 109.53620652751779 102.31198768303315 90.48610098899758 100.50723428202924 95.38187094315987 101.63491244251905 42.42411302111738 33.77504408051979 35.36569369973502 44.735467118004216 36.581266489455494 30.317753281022416 33.62779191417078 36.945081366620855 33.39553787955056 37.077539920623714 110.05176867318849 105.62060827836478 114.77136751358151 97.74361566199994 100.14851694608225 108.01697933824231 107.5024937048291 103.20746016567855 100.14562001236399 105.26759888621814 87.47068394397834 80.0711464943086 80.66913945827709 84.73543630864806 85.48812615896992 83.96347917182835 92.792846031148 93.22869869399541 89.50650166374359 81.64847133224231 50.04523600660524 45.24230002129741 37.5421194190085 42.76786609527008 45.40007454203823 40.69480867105085 52.01641769125119 44.13857021256099 44.987841164213805 43.275583336280235 12.948150193695732 7.590871753503301 11.646404526330198 8.119340375754456 10.41598748207253 6.616495089300197 9.828329054438065 6.185481691153651 1.703659188214403 9.381300708497726 9.251211692352483 8.313727396569005 6.432570386885559 7.4030490606759445 4.650690359345163 6.304252272220439 174.2004837900786 172.31895328323264 162.1319309506447 174.57932383137862 167.96754346019236 173.15537345832104 170.56253985675582 172.7242312192547 169.46268223267916 169.18487582943396 90.07435523584795 89.59086110006601 96.6667743627749 86.68287579638492 96.2060974589128 101.16656940532455 95.79724136206319 92.92045524351826 82.1928488310006 85.76219249190086 98.45086310849965 89.59787756332224 91.2092523449725 96.24862392360328 109.80050479618868 102.5350727002452 90.7434075007677 100.62435827379343 94.64053950586666 101.33677093043855 36.39758196502748 26.860215730136673 30.47702588318112 38.27395339495647 31.916560134065833 28.311830046218102 27.230797940786296 30.501226811829238 26.637628825584166 30.15819488327477 114.50702021977037 110.0556135100698 119.67190388523352 102.99855016785767 105.24569764926642 112.22598205128898 112.00993083897997 107.59092831066626 105.0875240982402 109.78001837466044 87.35443062514497 80.02376258592726 80.84916243394223 84.38926076853492 85.54594201572203 84.36531030125033 92.07809094863818 92.39618610352599 88.51531945317622 81.30236902220057 43.891941222329436 41.83490373957504 35.72869500156642 38.16993044498073 41.75248883925128 38.00384847326912 46.77476358066734 39.23460160018096 41.830008478132704 41.285251674974816 11.77100064391906 16.61137946701778 13.008098071319614 5.348163682626856 6.623820525205892 10.193301048804994 8.534738109691979 12.719738642543067 3.638567519938859 19.09803956964293 19.511707973316852 18.546546995575884 19.801174635095723 17.357409949814055 11.875542382903797 187.00495605069975 185.18593982560714 175.01846314404085 187.3954542404283 180.86920345584736 185.95503200882197 183.2255035908186 185.49309508019377 182.2589197395464 182.06462925708004 91.24507620557472 90.49595662053196 99.1869224262467 88.46334777881664 97.24958255158373 103.36265680471836 97.32150454570159 95.16257992549916 84.46973297757788 87.94623315079417 96.67436498582487 88.87575902811766 90.6438676099714 95.59631620966634 108.95667989468599 101.75309028084105 89.93986774800418 99.9770965640405 95.07161480089523 101.20467394371536 43.63897010709555 35.278575559806676 36.369132885169094 46.04311494364438 37.51703847444175 30.70211105018577 35.009989099192694 38.305913635832844 34.86566032745005 38.55247369401556 108.48580284332907 104.06370800919454 113.10166710568495 96.01159973030094 98.44895398919384 106.50872432410185 105.92730668883225 101.66484922305811 98.48069399967393 103.69360000941198 87.02229979148424 79.62342252478778 80.16403373920508 84.34977123726442 85.00141979201365 83.39603547635721 92.48093421149927 92.94505686675015 89.2696642041888 81.27025525494214 51.24553834453663 45.78937776307926 37.77161739831956 43.628359968764286 46.00528350825125 41.10576093852076 52.97621962172011 45.06369085934682 45.475272775440686 43.48900407848587 5.306765314822149 1.2594796871866787 6.76196867646023 6.262677353066499 2.9591453143633517 10.410310867808654 5.95885163599982 8.637175108662765 7.776880410497317 15.754397873332353 13.611950538215687 10.454527952245433 11.468097476183504 1.3135041453924672 178.66599737361253 176.54983858096034 166.27781463334415 179.0055900026308 172.024347884253 177.63728884672372 175.40579737310821 177.3000320836971 173.95851287964405 173.35876131765292 97.00284944736288 96.45504485955374 103.88558316074511 93.74120405382855 103.11512319514117 108.33039656701132 102.81535946335886 100.08228838324943 89.34401193549337 92.90149249416446 104.55124537314087 96.01788537695725 97.67964531480548 102.70327873430871 116.22020517486752 108.96203887026506 97.14121743355972 107.08849150045354 101.39472923279978 107.95073823254296 43.98838740746943 34.432396820956164 37.98407743634336 45.8544498669261 39.40158339791249 35.18218852922432 34.821449531224445 38.08941379352827 34.21928779510249 37.72200571245856 118.83369274971803 114.39136655566357 123.71088940931503 106.78169711331361 109.14007305511784 116.70527215324918 116.30118897166678 111.95703372929555 109.08736115361951 114.06615774137674 93.88459265987706 86.51588109206828 87.25883532516723 90.9955581295043 92.00974661935568 90.69700723570014 98.82019415833132 99.17665624827048 95.34025529376358 87.90311791637247 51.47987234864534 49.15484891828633 42.61850799095742 45.6684611526999 49.11762002658268 45.146292998941114 54.34707086798542 46.76959949255492 49.09889514232027 48.26442648737743 4.124435125564882 11.312153847524169 11.561336990698091 6.488571110673664 15.585519924352836 9.954620566972302 13.772569128741615 6.354362598762927 18.971502950171523 16.59863350729335 11.147344935824004 14.35540856679383 6.029853432818223 177.38958649705745 175.08370240869348 164.75416203637153 177.6963263005461 170.42458042818794 176.37548866259374 174.45609154415493 176.11738860069877 172.71183004560578 171.85012180653365 101.69426165067881 101.19287571132894 108.30497113548331 98.32566220525219 107.82164094176453 112.81149400248388 107.43545212671644 104.56570345539741 93.8388535260946 97.4084859771821 109.64967412506138 100.99785616330873 102.63793651904973 107.66963733665379 121.20417910575635 113.94167265691523 102.13081004812065 112.05146579656216 106.20486881263808 112.84125498661163 47.47042330146214 37.70520962397917 41.95535028327122 49.125945384742224 43.42471500019395 39.89160856081115 38.307132255028264 41.49099024247732 37.56672103533449 40.919866041605374 124.13747677701885 119.69556889473414 129.00138684490483 112.05540704234527 114.4223577702471 122.01180590982493 121.60404696688923 117.26203307258706 114.37695293739974 119.36896631633742 98.81435465634563 91.46157008765407 92.24092294834497 95.88684985654704 96.96966240266855 95.7116322396551 103.63726413994864 103.97017649581461 100.10452640316602 92.79653450832633 54.82069717936739 53.45567590741579 47.32223455857759 49.64666867278435 53.352965251307694 49.649636990011864 58.02876937238585 50.63681935115082 53.46563353929533 52.907525173606054 7.933369921449613 7.493715786599497 3.7075725157558113 11.48318633304216 6.428965010079825 9.896531544863043 6.806535193765536 16.070175600948936 13.838753321164164 9.99820313547976 11.640075118627749 1.9712533063716198 177.99409223632355 175.83890245323414 165.55446863318576 178.32693302060935 171.2860641729891 176.96833111445875 174.8019437957487 176.6474615720307 173.29241994625076 172.63897360657603 97.8779204301731 97.34751190733193 104.66427865645039 94.57690490607918 103.99624408920135 109.13075654685606 103.66465042743262 100.88278740692624 90.14746331573436 93.7095795850908 105.59563713745322 97.00782723230964 98.66034274135305 103.68762881114718 117.21258960557418 109.9523219032228 98.1353906903886 108.07155877148473 102.31531880851834 108.90367260920922 44.45084536150399 34.82171772061777 38.59502776092829 46.25555682896076 40.0306736511656 36.052239406667304 35.27568967569959 38.52197002568189 34.63070942422484 38.09337271790507 120.04664528434535 115.6035014280712 124.93799644874028 108.01783867329301 110.37220879546993 117.90953085934396 117.5158173580355 113.16732851903676 110.31519100525736 115.28088290167015 94.85306648100732 87.49066512449143 88.24928833214067 91.94796633358281 92.99087565672754 91.70196347531882 99.74335109469683 100.0906481510076 96.24272465914314 88.85620860353626 51.90544642148275 49.882562522821665 43.48950219790278 46.287152645623955 49.823047167094536 45.943513880695555 54.87699198503821 47.35336074499396 49.84932192626549 49.11418372113261 4.138357608455241 4.853362235981081 8.774954243007311 9.545063403998704 3.5312460809552944 14.44423705090501 18.303829393078512 16.754128620560717 16.123973646325343 15.065043981000288 7.181846587716497 184.30102383910022 182.3177909107253 172.08954315931794 184.66374141827654 177.88340145359373 183.2624259639978 180.80100957386227 182.86827241636792 179.57479421106459 179.15689907347456 94.86838429992567 94.19605664941305 102.40429384919113 91.89472924554944 100.92249563361428 106.69233225365153 100.85034140886681 98.46235496617075 87.7340538962582 91.2489400622166 101.09041595481357 93.01965115652077 94.75068654014873 99.73479670669299 113.16423512120689 105.93479609355786 94.106736077902 104.12156974285007 98.91689845359188 105.21558891043556 44.81373642691107 35.82490731003711 38.025599336048444 46.999859217038185 39.30556885673026 33.53404047216782 35.847407085615366 39.1738620984935 35.49577619260363 39.14858188168739 113.66929687233959 109.24128065936797 118.34516561636889 101.28486066228957 103.70697842523532 111.65436518141114 111.11643955968309 106.83312546682241 103.72104700373792 108.88189681659318 91.0602829931857 83.66212525754955 84.2789059954766 88.3029191100596 89.09102271019117 87.59133513901769 96.32914168285879 96.752895541163 93.01094375840123 85.21390255430215 52.427732418973804 48.29188677897937 40.83747112912655 45.54448817117305 48.4014626427087 43.85950911870391 54.66721646105124 46.84623202001823 48.085173742238844 46.56904864871778 6.255735676211557 5.006377206753788 6.1385490262861975 2.9921857002774215 12.744755914552043 14.209978088455467 12.767948802617987 13.183533658107605 11.22957936483875 5.867176744386246 180.80696818096186 178.90705603599923 168.71057699168728 181.18338221559333 174.53623900270162 179.7627683215057 177.17885743541663 179.33615625221458 176.07072678194066 175.76703052336612 91.80726793028366 91.19095332242736 99.07687276685857 88.70755662749424 97.89065106350118 103.42796367404218 97.71820300397641 95.18683035623818 84.44830004150518 87.9822900359464 98.72223511415298 90.38352602605082 92.07813728575849 97.08580188729387 110.5680231797395 103.32023322873741 91.49090695374105 101.47361982504476 96.0173043011957 102.44661481535005 40.80391905928182 31.72912137541108 34.15307651154437 42.94677400329649 35.46897656839208 30.171346647619778 31.79270317030787 35.117722224389595 31.410971702113862 35.054185875566944 112.57653473594469 108.13490872496008 117.44828977163998 100.52415171801229 102.87919408237704 110.45681746396838 110.04277290322207 105.70222882501987 102.82485973619785 107.80768382886777 88.3305281558442 80.94338675607801 81.62792839221514 85.50381800099672 86.41000137745596 85.0113541468536 93.43462806407737 93.82627626485151 90.03773999541072 82.41114843273675 48.40861522247288 44.6927756383654 37.5550920742408 41.72952209088723 44.75661979381284 40.39443803264568 50.76498022643683 42.9857326687284 44.53498554942427 43.26672024135435 11.125527983317829 8.35575548526343 7.703262290118092 10.512060494419272 18.136270508886714 16.126943903393936 13.411170523622342 14.067343957991564 4.083750016460298 181.61295069773215 179.4849500425505 169.20820980311535 181.9507991491277 174.94853777137612 180.58496211333394 178.36371566102196 180.25130540525876 176.90685474121545 176.29057363973587 98.0105755558911 97.40897610296385 105.16651893493547 94.86815182427318 104.10108315638469 109.55033271591226 103.8978073599766 101.30555831091353 90.56496771731936 94.10745902938173 104.95334559638688 96.63893245365385 98.3338676271623 103.34145467433319 116.82257186342484 109.57528258517365 97.74581286372671 107.72928345303572 102.25546438157377 108.69886214325302 46.02295669145379 36.612754407160885 39.740897312246204 47.9927895441909 41.11549799798153 36.29516254610658 36.89082601831926 40.18849639590905 36.363741665308545 39.92374203030231 118.2812004241035 113.8474564790776 123.02439199117894 106.00149764233674 108.40500358592416 116.22558388132363 115.7349680231331 111.42965443934824 108.39838384841936 113.49988147188785 94.58519169964623 87.19855491100024 87.88349033225684 91.75454186972505 92.66571138537282 91.26456291059723 99.67378530357882 100.06015198192314 96.2630506575518 88.66174883978027 53.568591693994165 50.617574320506954 43.70440434408211 47.390802377351186 50.634988329370955 46.436901140306325 56.23895878789295 48.56405989564863 50.50449207455357 49.39999394637342 7.012947191250365 5.8540658659303215 14.982590712131097 11.042065831980686 10.354759002390782 13.56975086032264 9.62079563781149 9.556434579837301 178.79716525779727 177.06954541431986 166.94228129209586 179.2020474086446 172.82746158874454 177.74169149661876 174.89195590795106 177.2463450117649 174.04217512232478 173.97304340782281 86.88627117822216 86.29030677792555 94.08558978607168 83.7480966990368 92.97872896969538 98.4482730183764 92.77318926258091 90.20546745239717 79.46585137891917 83.00348825551474 94.14210236671708 85.65307165696103 87.32763663986898 92.34545255435688 105.85064718552094 98.59565058544437 86.77083527699845 96.73206222362293 91.15767514970486 97.64407050728214 36.070639101361955 27.236258918379075 29.254506099611916 38.30292242468101 30.54436549753448 25.1880908544309 27.163160530817997 30.488067362175137 26.875334055234894 30.549150801774587 108.95946762449454 104.51058953929213 114.00266552237291 97.22625977818157 99.51490422885085 106.7500175899022 106.44536952296927 102.0590134446572 99.39716328029454 104.21230246363844 83.55247071651395 76.17462194812616 76.89431630797726 80.69311130599706 81.65781559248484 80.31461251378141 88.57790764582582 88.95593215581326 85.14965200859315 77.60008752273654 43.68957960263066 39.68979934011435 32.586394928190565 36.792697908260564 39.75989410634599 35.39108476691287 45.89300771880174 38.078917098273365 39.52890526287851 38.28964025405415 9.08470225451291 8.003629584573138 9.819853636269915 7.771922407169814 7.114934486104889 5.759373075781837 4.655844951398099 174.79922790289206 172.85623400726956 162.64584525459932 175.16781299286626 168.45932357602672 173.7583060135303 171.2612785713667 173.35187544084457 170.06883120557268 169.70699598744102 91.75073327102842 91.26051524514003 98.36639893032854 88.37116685073636 97.88079375730538 102.86308944800034 97.48237475503743 94.6166917900341 83.88811463101992 87.45673375881057 100.02019020681585 91.21227714763347 92.83070548651476 97.86844627490296 111.41673105706202 104.151702157288 92.35486553277792 102.24585277372977 96.29816884124982 102.97783775099124 38.04969028691249 28.473959294184844 32.17405432541728 39.897726653897166 33.616152158865525 29.970804143628524 28.87822925097257 32.13900509008505 28.263518507426678 31.76318182877055 115.77713670941557 111.32641129600073 120.88959422287053 104.16351210910732 106.43253206488504 113.52363052394617 113.27295107184982 108.86674523628362 106.29429682415496 111.04157380781581 88.98347808991899 81.64685462203991 82.46102290788694 86.02792565743025 87.16587479400376 85.96665721729431 93.73413304938869 94.05670852210683 90.18061461692302 82.93999284906988 45.528461254503775 43.53760801385065 37.39352223993046 39.86756674925067 43.45608571237147 39.695596274179515 48.45142544200457 40.92566849782483 43.53066943327942 42.961855942093834 15.62652650823028 16.39364368240432 15.217132313088104 16.162693484201892 13.881692975588106 8.527780725264815 183.54631204672154 181.6887242718972 171.50742863144723 183.93006558463583 177.3465483531958 182.49911531620813 179.84018604599373 182.05418513848878 178.80488064836564 178.55854171213537 91.34445671820313 90.66831531546609 98.9208934611337 88.38541170034541 97.39619489259304 103.19512620407897 97.33318192885086 94.96795997594846 84.2427860099856 87.75341424665514 97.60479130622646 89.49910066353097 91.22727335830378 96.21344583361211 109.64832165287066 102.41678015366892 90.58806435141946 100.6004753373806 95.38574554502979 101.6867790644737 41.840756021347865 33.0863583493326 34.87288536474184 44.114209207989376 36.11397317246749 30.082336716887834 32.98687493116537 36.30916121532644 32.72032597347537 36.39692606396351 110.58225809054514 106.1476554655846 115.34694654813629 98.3486301874456 100.73887869781643 108.52253082623542 108.03730798712225 103.72857629134823 100.72070894751515 105.80216028838252 87.53304264034321 80.13524082457567 80.75667599470343 84.77273179607316 85.56676097300405 84.07581695063317 92.79795826539767 93.22215006411328 89.48168918573393 81.68356245054333 49.462572775171665 44.92152916609744 37.357590605014956 42.32419450189319 45.055901503787176 40.433178862182984 51.52683640023839 43.66808242024654 44.69120690658324 43.09091625090115 14.425455756197074 11.994097743519424 5.243496576558444 9.898582333827985 7.28505563941619 171.4302859973216 169.21175292618577 158.909481334433 171.7515579168362 164.61951137878867 170.40972307743928 168.3671249142433 170.1180840949679 166.73915191537753 165.99874122202107 98.28008623043586 97.88178172150404 104.3612404290356 94.7005616411923 104.42795359815968 108.96706347552661 103.86214281102403 100.73992333769145 90.0564877928659 93.63987749721198 107.36996837756432 98.3221183303844 99.89252545488426 104.93831291780839 118.50386722454198 111.23960986390468 99.48272276382747 109.30175860902756 103.05292605238675 109.88338101275419 42.53858735048635 32.66449376755771 37.64816497749826 43.97923639790266 39.17030575859206 36.86913236667305 33.47160908565682 36.53239806503416 32.60003486123398 35.773727514159596 123.74739055623657 119.29618940917165 128.88405539883135 112.16695102919529 114.43389465002096 121.47437006795856 121.24740548137271 116.83328952384767 114.29165886107988 119.01683342889602 95.99386464998103 88.70565607537735 89.5930301730289 92.96610978539535 94.24196200577359 93.15923852268698 100.50747536126637 100.78253041084801 96.85618844281126 89.88938100115267 49.703409062103056 49.5175059794701 44.1922120923342 45.27158935071184 49.31322347316197 46.091825651325834 53.23968418826296 46.112200730154846 49.63504875319157 49.59521339859499 2.435966393187733 9.683228428905455 4.639334402776939 14.44206679980685 167.8392259443619 166.17274168190795 156.0765313471158 168.25303351859804 161.98703704077195 166.78044946491733 163.86988857050454 166.26564689812176 163.07916912410303 163.09467826700006 83.962815668345 83.60512917170826 89.93625768307018 80.32118008560397 90.11399561832188 94.54751521411447 89.49198622384523 86.32323414220741 75.64758981235425 79.23214319058795 93.75552896977095 84.41185182381842 85.92979547885528 90.97631866024739 104.5428502857641 97.2876676016406 85.59021364751369 95.320298738287 88.8440461578356 95.7710124066347 28.50028179273852 18.775338599779623 23.233936298444494 30.210847630885475 24.75009031827434 23.07027659539104 19.335714706299456 22.527977771230397 18.611666245480258 22.030926160922466 112.29784589068271 107.85474423560511 117.81657096727696 101.55267470397594 103.64495366530642 109.82396425062184 109.85874169425736 105.36174239381528 103.35165691876489 107.64606866405076 81.98753210502836 74.75958860013235 75.72413903646323 78.90065035250565 80.30310839369804 79.35471146591999 86.31243781153978 86.5586076543466 82.60793179275686 75.83839078593012 35.88373956430838 35.104085246473026 30.190222756189616 30.879638744657257 34.88954882050055 31.80531179500447 39.071882136427874 31.774887831538557 35.24205010263037 35.425087446751476 7.344340185822622 2.243683367116204 12.299535757253752 168.49658552117666 166.73573281841277 156.59921759814512 168.89490835545357 162.47898192383718 167.4437775136228 164.67899889194717 166.9665578341376 163.74587717903 163.63323420185696 86.35673829850998 85.98822607093612 92.36724408015213 82.73304027545494 92.50723789268882 96.97453749323473 91.90115448566355 88.74879525642478 78.0697092535556 81.65382841617799 95.98726585065101 86.70745290270078 88.2375800272214 93.28458088426783 106.8523293072356 99.59437475597434 87.88197189750046 97.63348431803213 91.21027911091967 98.11449696584774 30.877831350709865 21.110223128219292 25.66986484519212 32.53815091686095 27.185511315559307 25.302554434540138 21.72460852496562 24.893476901958564 20.96813243798636 24.340714233493863 114.09532985509502 109.64862917773134 119.54229771184264 103.18207945372718 105.30949380337053 111.65971803161828 111.64324206107706 107.16032850236729 105.04534300978578 109.42602434022048 84.30483636270186 77.06178112724788 78.00877242794502 81.23140584262674 82.60458864810441 81.62550399712306 88.67509045196117 88.92843417486856 84.98365657212443 78.16531296222747 38.225824280214376 37.52759646742956 32.48845275385794 33.314814006809186 37.3191523179361 34.18495738520513 41.47659872577428 34.20410727516618 37.657053694722684 37.77252541014708 5.619321295277117 9.401397788208346 168.3172226693105 166.26531443403078 156.0183385683901 168.6666998931279 161.79544658888548 167.2844018206585 164.98304507461762 166.92558054510104 163.6018755800178 163.09144577867866 93.63196884195655 93.28335573514924 99.47679599301519 89.95881035448834 99.78370934210797 104.12008597541282 99.13563544389658 95.90613228186001 85.2499955983861 88.83602539444401 103.30931435830314 94.0514567656566 95.58183447476574 100.62882208409245 114.19652847757828 106.9386808760273 95.22558436209094 104.97737173607612 98.52724535160941 105.44909529414245 37.37738766060251 27.490893960596072 32.72098413455226 38.76914696561685 34.259772952704346 32.63461080512691 28.356230676863003 31.37327989277575 27.446759324531246 30.5710162073801 120.87417848679937 116.42367004107685 126.19632189790903 109.67445599536721 111.86379985609253 118.50207714743145 118.40167642100437 113.94440832539887 111.65166572111879 116.17799934267511 91.6481416466712 84.4061155520028 85.35142067557929 88.57141931944417 89.94890701571538 88.96485072436943 95.99560663255066 96.2414927721415 92.28949865128216 85.50648268541829 44.495089512043194 44.711864631815914 39.83278863850522 40.29064833641696 44.46222008184511 41.48671420786545 48.104757165243136 41.072733015609906 44.87939550909382 45.10397545294742 10.16082295254895 169.66707179857028 167.8293677413768 157.66127238102314 170.05275475532255 163.5145724276995 168.6192572660712 165.97179628811645 168.17249781548523 164.92464238986227 164.7072209949308 88.38589016562811 87.99577307194988 94.49545545154385 84.80269489066501 94.53446831766466 99.08699799328039 93.96363551786806 90.85659043814411 80.1672861186529 83.74988257496078 97.75553538787652 88.56912934801025 90.1174841790053 95.16447493752872 108.73245165929461 101.47104901474843 89.73770125025415 99.5204219608127 93.18592961006583 100.05012448829862 33.11865941573325 23.353820330820454 27.83966193670186 34.781145893977005 29.346558615116553 27.116279118897516 23.962215470187285 27.135984798334626 23.21132920167805 26.582405859868306 115.32947513714075 110.87989839236485 120.69506716292749 104.23439003359283 106.39917509475377 112.93772726267558 112.86344914504002 108.39757135047928 106.16692927855657 110.64174758769272 86.20008760642703 78.93519150624974 79.85585744987387 83.14842309154382 84.47584244760948 83.45168279913395 90.64463790737727 90.91081499546864 86.97731853688086 80.07674134506769 40.46946017065235 39.63475475689542 34.377648908328936 35.49899295901417 39.4465137141451 36.1990060574218 43.708027984343005 36.40940388172302 39.741477323451235 39.73037336196865 177.6983449492343 175.61586624899772 165.35530907706772 178.04359331231274 171.11537551995457 176.66721085039606 174.38443628210015 176.31653035058497 172.98616407159372 172.43281019761235 95.91346629063322 95.3802393211198 102.72683398870427 92.62122893335207 102.03076661409845 107.18576026454505 101.70564429413223 98.93766600806178 88.20124994318672 91.76192219017949 103.64032168337172 95.03943362642894 96.69082364019482 101.71849618329271 115.24445192592985 107.98391722304417 96.16760217124127 106.10226368141666 100.34503815296407 106.93246707939964 42.69879631259224 33.12911938578441 36.738542300619 44.55355513268949 38.16343578293367 34.087604525247066 33.52943642501357 36.79342248434949 32.91933262030742 36.416569289922485 118.2700290758662 113.82499982004796 123.20191864232261 106.31576022231452 108.65433605468257 116.11250316261305 115.74358541680483 111.38440516044336 108.58213193055555 113.50898903491886 92.8825171040185 85.52062132588901 86.28101494507487 89.97676187750416 91.02142529886711 89.73607166842118 97.77288742343241 98.12089478822698 94.27414949210983 86.8850189248978 50.18331346023117 47.96469255922168 41.52499435879515 44.426598607187536 47.915554677504524 43.99821736428583 53.07517454305083 45.514671663613534 47.921665238867604 47.15422963265171 6.910844133858993 15.010898077638542 1.1824151319069727 12.978813205757902 1.1387886012790924 11.535261345582882 3.481261584966874 4.801229309519982 9.623783084342827 181.75981806231275 183.3845631753619 173.83302570018014 176.92978249874514 184.35827671807408 177.3261220679292 180.85363358766327 175.0649810792818 172.91599689611044 174.09256877376984 204.2158667412778 193.77866761805672 193.39448905594648 195.89843023583703 203.08062569897263 199.386560082119 194.72036047053192 197.6487470053459 188.07485234966035 194.3707444463982 156.33035959681254 158.44240705576277 163.40678773460374 153.44097444723914 163.63000875641927 173.15790032523685 159.92090605379414 157.8614932342151 159.09798800962452 156.3301737523644 241.3522118580737 238.0373787940088 248.710000232643 239.13245356041665 239.6164256932792 237.78224309657932 239.98612272287346 235.91506965290355 238.3526188825381 238.44359639212686 190.56259075118857 188.58280017517012 190.47396845976598 187.81271447775796 191.2367514570913 193.34281243727162 187.43149760558694 186.56450603090988 184.06652735188268 186.83898272133123 152.05546019889962 165.84860473548017 173.02987291618706 161.65495724007803 164.79777371074172 169.4848215173585 155.59902345970713 159.96062018758988 166.9498283240029 171.99387408228014 10.48058880807209 5.98631179194796 6.474610476981524 7.128815204120189 17.550072739072288 9.764791025739623 7.868892773581806 3.526172469453586 183.35890827776174 184.942376711411 175.7895563183965 178.4567179560826 186.15873383123184 179.4160324256567 182.68787576085944 176.85957971549124 174.30737185358873 175.61441037489993 205.75085763132066 195.172252793819 194.8571469580437 197.5106733348627 205.07214883509232 201.17438853536393 196.141571452693 199.3964615014791 189.7582334616689 196.20537122811987 155.7754531011619 157.46278646503043 162.68461267871066 152.92034228326338 162.97293380679739 172.3859066160736 158.9948552116732 157.0503786052776 158.12376613327154 155.46464558488088 242.55875782344125 239.1610244239716 249.89677376759113 239.91687777147226 240.4831607230596 239.00446223805494 241.1307966361697 237.00112745571857 239.2543367407884 239.54289191449575 191.92401898989715 189.69060641212798 191.58361651200937 189.1027973109206 192.5167464286034 194.54083474997262 189.02594940383807 188.18459244826292 185.5728098665445 188.02351374725933 151.78749446618107 165.62552261059773 172.55414094236667 161.25236980777788 164.5681035943464 169.1076858211449 155.521290565066 159.58870455964723 166.7285800469977 171.74477401542762 14.71899616215993 6.243156795059577 14.445394859130335 21.13882783337782 15.952573172712547 12.042462648678576 7.106793344939311 175.74938544774525 177.28563316720627 168.5961586309523 170.77674545999017 178.76847049441318 172.3736520083971 175.3415172230257 169.47801404327544 166.48991297836946 167.9336008630955 198.041656339604 187.3267412086576 187.08465793010004 189.89521761728994 197.8740622141283 193.74826873046365 188.32372797004808 191.92778872230775 182.2316095753066 188.83890473063963 146.30581489021517 147.72376227302792 153.0983608920002 143.47717416591752 153.4282982335775 162.75993943443183 149.28617624405473 147.4134802711013 148.3873346466911 145.7957374228547 234.4748490022581 230.9980075343826 241.78768739996679 231.43283327339597 232.07435562694343 230.9390081846397 232.9868488361274 228.803176974184 230.87899596243693 231.35580679641055 184.04927706372524 181.56174542419026 183.45418058801815 181.1582103360945 184.55732560180715 186.4957759931788 181.40290016848897 180.59071227714432 177.85969945749866 179.97326758602227 142.52460630518786 156.37890515662357 163.12138371812134 151.88152808423152 155.3178212289017 159.74654517605777 146.39637573823785 150.24134560828765 157.48209672120478 162.4726233363007 12.237207472890086 2.1192013029624603 12.717209524207446 4.656888773372413 5.45227661240559 8.931831646372569 182.63637092235882 184.25633556140173 174.75034023501948 177.79740577712275 185.2585160908922 178.25859631048897 181.7575213566507 175.9638974474319 173.76697610538668 174.95936512992827 205.0862364984817 194.63142442709784 194.25555739120034 196.777462913003 204.00366961786372 200.28626414001027 195.57651993391855 198.5437174606702 188.96174698073844 195.27553418445888 156.91650059169774 158.96447845287057 163.9687293021032 154.0318373956975 164.20176406659317 173.7133612719306 160.4514067665774 158.40931173738196 159.620972599006 156.8695079417442 242.1845837819818 238.85931500954158 249.5402336243057 239.91129868480363 240.40591139936663 238.61639443542174 240.81076487240426 236.73221065145344 239.14653057421626 239.26250886120792 191.41123055400004 189.3999661409306 191.29149888301862 188.65244472582145 192.07547783028105 194.17155943421847 188.30789095542406 187.44386890940697 184.93220175542257 187.6656034405226 152.68314119576132 166.48437874712545 173.62958391426696 162.2641989501719 165.43248554936903 170.09863724191382 156.25442668231386 160.57415262831898 167.58598345860875 172.6265326229094 12.884463427476522 22.154533018045242 15.193321689575502 12.084521126881956 3.3818852409125464 181.91194003206792 183.4547969283861 174.6916769377852 176.94840412484012 184.8985144091483 178.44198564728413 181.46405857661452 175.6055653932115 172.67846324012876 174.10509297295522 204.2193350866937 193.52014305474103 193.2694481813262 196.05985326553665 203.97396812897176 199.88548028281912 194.51400997622122 198.0713650823171 188.3829262195087 194.96620072360483 152.47541773769314 153.8178676407827 159.23902785691553 149.65264800005656 159.57969526477893 168.88835846572007 155.39050989940125 153.5406464555262 154.48225462210908 151.91344564286206 240.6938510155414 237.22305286911953 248.00892905655778 237.6739603241713 238.31308827769257 237.15635497738913 239.21053995982123 235.03062338968587 237.1163633213912 237.5825700595609 190.24574034348694 187.7824362604044 189.67500546856382 187.36194941599967 190.76278497376248 192.70954413574378 187.5678528606768 186.75153667247656 184.0363306371678 186.18715978649118 148.73091468965035 162.5863470581892 169.29696633090055 158.06990398629353 161.5248393205101 165.93593042493853 152.61881395899016 156.43394335784177 163.68947706328507 168.67603026288268 10.78272891164887 2.7272049944224444 3.7073530081074066 9.50356126886583 180.62707692034755 182.25113692251557 172.7081126939685 175.79578950465688 183.22964489981615 176.20512493816258 179.7257380378766 173.93607455323857 171.78008931287843 172.95846503812672 203.08226843006895 192.6429583719808 192.25969732941766 194.76607969659742 201.95716469382032 198.25784104117153 193.58501218430183 196.51911384446004 186.94376493771645 193.2430551575188 155.21790772811633 157.3470623999903 162.30032580229474 152.32742542255733 162.5210344131673 172.05308100527142 158.82309148448306 156.75883701833214 158.00236861298634 155.22987762972886 240.21480431170073 236.89936242810424 247.57245578888376 237.99375961311262 238.47763747240415 236.64495612230914 238.84824705489382 234.77683401737136 237.2138404835038 237.30543785166614 189.42647167878113 187.44455020035383 189.3357343716882 186.67581695162377 190.09977764135195 192.20515228027946 186.29873939013063 185.43219598708464 182.93229118453337 185.70119450162153 150.93395081262938 164.72546191128146 171.91418420539262 160.53722182719426 163.67483729017846 168.36606992183627 154.47239393093324 158.84197448499793 165.82660884292423 170.87130259158747 8.076236974361807 10.087516307891486 18.95802040270079 173.1628137957136 174.8334450496385 164.83820148553497 168.4269125108532 175.5231701417891 168.17703921216315 171.98558166826913 166.2522379296732 164.58386347024705 165.60118548361385 195.65947797151625 185.4061185293831 184.9398315717878 187.2633273974685 194.00432648497065 190.54380234871218 186.31315095331325 188.85425483410157 179.36883426253118 185.4816908072707 150.67466506516718 153.42053897495788 157.9762868871329 147.74504246720056 158.10124903519903 167.77154507555463 154.81153589219917 152.58450077352117 154.06543391630913 151.14149243049687 233.14355905521782 229.93358244593824 240.5177691925964 231.45211483952644 231.83096215947506 229.55841246216244 231.8543935441844 227.85993839707803 230.52448572800432 230.3692833755517 182.23408790053142 180.5691473350457 182.4546121834034 179.57559110260522 183.00602349838198 185.2090155389235 178.8303988280411 177.93474408001055 175.5753613136857 178.73326126968496 145.9945895459271 159.67692460650431 167.20367605512024 155.75666397901483 158.6387802080427 163.52495532110652 149.25252559425894 154.02316282514218 160.77218918961663 165.8415569424079 4.011265692877784 11.826431643388075 178.92540694654073 180.56232169318585 170.89522026924305 174.11883417756462 181.46299714140386 174.34981924525752 177.94934023633422 172.17383868601755 170.14858568329691 171.2840316129765 201.3956075575158 191.00469650867987 190.59903516041138 193.0565080272151 200.12633929222335 196.49156302657548 191.93749744931327 194.76592414664378 185.21337027472165 191.46315810668952 154.2782451290446 156.5675342162025 161.42006134154946 151.3764774495976 161.6160775780447 171.1871741575422 158.02222198160223 155.91514988568073 157.2204176483232 154.4077593116897 238.6279078733528 235.34044711130898 245.99085261437136 236.548580168181 237.0044605123583 235.05351767495162 237.28201947997852 233.23078763287023 235.7290867149649 235.75453280653352 187.79957366698886 185.9021190328073 187.79214956500036 185.0731160572414 188.49945899271978 190.63136785284425 184.59701722216334 183.7224639146905 181.25996024112888 184.1337012704509 149.88991568615214 163.65808411724453 170.93701971651004 159.5380458497561 162.6103558407576 167.35383786233885 153.35681304347028 157.83225557472574 164.75806322609404 169.81078761216835 8.871668386176472 177.25639045933053 178.87103943995945 169.42577907421162 172.40785093096798 179.90820330425115 172.959496781907 176.41244668671374 170.6120363151413 168.3615364278228 169.56901595267448 199.69904635860243 189.22721196619682 188.8590962442561 191.400007587423 198.68744532174523 194.93481876249254 190.1753839480002 193.18592659435998 183.593848898969 189.93136460547342 151.53166061874722 153.64332528808112 158.605743683113 148.6430492187504 158.82959260880648 168.35668776786895 155.1208153090011 153.06032599697102 154.2987801311891 151.52937163141624 236.7636497118606 233.4315432786845 244.11776864610283 234.46449652558223 234.9624751719976 233.19674978495897 235.3846709839621 231.3016054388025 233.70474888464372 233.8329179673533 186.00346957060523 183.9697275113852 185.86145459663067 183.23746741809688 186.65968321862493 188.74854902950315 182.92760540350733 182.0669923590188 179.54049350880507 182.24124299711917 147.26739678887145 161.06369865626976 168.23376990523937 156.8611444644289 160.01243752843374 164.69231568740136 150.82300959679165 155.167995383374 162.16508111674904 167.20776196390472 181.41759097929332 182.98234788004692 174.01207415770557 176.48606028030468 184.30563362005483 177.69860837715513 180.8515041573529 175.0079856797646 172.2802123076385 173.642834825001 203.77310408849266 193.137419315255 192.8520037055623 195.5695086191408 203.29867373380657 199.30975157532504 194.11817748435928 197.51452660392914 187.85139886609466 194.3636323757776 153.0262540803714 154.58024372854044 159.87931514707546 150.18350824666044 160.18810632273187 169.56170580541902 156.12793237528254 154.2194386086296 155.24260552246034 152.61752900748345 240.4314983366904 237.00041646605987 247.75969273796133 237.62031933455165 238.218840387759 236.88453702471196 238.9783522934655 234.82567398959716 237.00416287080174 237.37223693062992 189.87672083294524 187.53824620113437 189.43130657343886 187.02642882026387 190.43483799777127 192.42394321459332 187.08025200704665 186.25047685611347 183.59013272455954 185.90346169158886 149.13532345197265 162.98265042028808 169.82433591352918 158.55086838813742 161.92340822459107 166.4116107294196 152.9329524533952 156.89808655909803 164.08589807875464 169.0907202675357 1.9594359176475074 12.307668500174893 5.235852338833108 6.152289009440571 13.943158314876454 6.447412012505611 8.41993273335347 10.494192705519911 7.975221977812755 22.5029277178302 13.22789852068204 12.179918687005063 14.1522724108641 24.330102373243378 18.524229223702708 13.804082234635093 16.513937831832603 6.772309263741244 14.359921227242431 59.04880059651023 68.03673728077743 61.26214302214602 59.25254600256703 59.696366931596884 61.825865453534206 66.55785660690405 64.33111312649788 67.8014406317983 65.88982706313787 60.642017334117284 57.92913428337443 68.00556226125731 62.227304051593656 61.760662361045085 57.03779183449419 59.68622464101004 56.152319713057544 60.19323367139092 58.50530083023595 10.895463000748334 14.991248883607073 15.927024649062083 10.331071040400577 12.841737687883537 15.935649716420606 5.671734722854026 4.850517571810782 3.3939731131365476 12.332061017597216 54.613909839905766 49.07154555741177 54.38849318535723 54.19808675237364 49.45891205793948 52.18843550565946 49.213640997365324 53.95550895798627 48.80594572560566 48.78915858830751 14.215013929034347 6.524246827396871 6.774734346003582 15.585186242740333 7.919515151288394 10.378015065607169 11.437191325137475 9.360785404835049 20.83342492128519 11.294367595546495 10.314923568160069 12.637234906218312 23.561083923843988 17.41376980772202 11.905617335610398 15.346950674838137 5.8951818567648235 13.608689546221935 59.08486720842475 67.9407309562178 61.04679043984875 59.386614863370745 59.48136921465122 61.30333491801591 66.42542152414384 64.27363676248807 67.68744251865256 65.86905402509193 58.82767332387486 56.07353991460526 66.19705229228273 60.28675057761972 59.83512145917909 55.22267229336247 57.84326871077015 54.27786464518419 58.27252794140681 56.64167973335718 8.939190874534235 13.347022113290816 14.171342515816294 8.535004201886183 10.914852734799618 14.01659623011524 4.190397921755685 3.6431616624472305 1.5559503467272564 10.747901756779132 54.8655929216126 48.846579142957175 53.870658143885386 54.090309791873764 49.27300105184782 51.803374550025225 49.416119106352674 53.91341340414707 48.53855669641726 48.320823473660674 11.682803537476484 11.270160208507997 5.037838792893934 7.694773332047298 4.422252585333185 14.733449317752896 11.362920995908457 32.45079594666211 25.02979361980902 23.617629544402547 23.893736291586478 29.2866022352444 25.911386847763094 25.364051654856922 24.424208564374688 15.951849892175929 20.7586096140304 63.19343696823924 72.76460444299296 66.75672376216723 62.82808287214979 65.21719158128525 68.90872000708903 71.51142501702347 68.90353699145702 72.63332502299257 70.22846530439672 70.95980055578067 68.6119645006551 78.23538263808214 73.77733962748694 73.11950105947322 67.38416662243527 70.25006400646551 67.01271528142092 71.50067537542195 69.25627219058232 23.0908507948303 27.015521223269936 28.118148833728668 22.596377361000172 25.12901800308338 28.231591552583623 16.637231730173234 15.527230538021108 15.701362719233622 24.30065631885378 57.6074045209159 54.87774823146771 61.56688106013199 59.25209940741917 55.04953571354373 58.74589098962597 52.65322993342177 58.65421668591709 54.8396906922774 55.83632666770108 10.58263091359927 15.042601656998837 9.193146598818378 7.264688716204783 5.3934345576281135 2.8434016676457183 27.29531973092292 17.18147987899268 16.530242054562727 19.161479022609683 29.5217689250777 23.752021432537514 17.979003214907216 21.728879401454115 12.007853031812687 19.565056262787696 54.7510283353615 63.93818116841682 57.39296082913055 54.804576025335756 55.830893742840146 58.58305765635578 62.52559909121529 60.17458528039878 63.7344046597475 61.669374114787864 65.01465224244573 62.13242470101988 72.39455534163004 65.80014054121378 65.50369220068019 61.410492736391554 63.94496111490612 60.262735369853935 63.983338712558165 62.66907839955549 14.284477643499153 16.10215334556693 17.502362475572824 12.52812329878782 15.704919400252377 18.582902954549695 10.695685164577457 10.00695834873865 7.149234986265737 13.412400402652086 50.00960378888099 45.262800264808554 51.16395691042079 50.154349950194955 45.57454754019387 48.68643092841032 44.68986522382868 49.79904097692213 45.08074748810002 45.48220325518371 10.507622866759656 3.610123536501733 9.299163680985187 15.960777552934236 12.813315203459831 21.182178001566747 14.727847125844509 13.025046616704765 12.642632247210013 19.633303023886405 15.028644281021803 14.792222047073688 13.352262708342618 4.91030731513355 10.078342450017931 65.1137745689472 74.15367780101145 67.40762488445478 65.2612193841331 65.84192977554834 67.94441506296667 72.68577614865292 70.43540148591318 73.92397809282059 71.97897436128916 59.68993954627173 57.357030324928374 66.96886941538102 62.76680006340565 62.0178221733719 56.11400641656283 58.98544518976944 55.78170392651373 60.38110942501777 58.00830764336947 13.664394995621013 19.579892780549482 20.083931293088582 14.515146347552154 15.999313507066306 19.025246201517295 6.465272398240226 5.446794932490005 8.124052898070396 17.14800064643325 60.540519742759024 55.21935904181365 60.50768178989596 60.321484569205595 55.60114749893852 58.33613152164815 55.183052968605146 60.05697304019715 54.95729123494105 54.921482198296324 7.734824561154449 8.248141438678504 18.98767194399766 15.446104000642634 31.009868487033657 25.210150379740426 23.5321765127853 22.73349649647804 25.865872227974815 23.542724659258706 25.29970684252028 22.367066115942126 15.402733616306007 18.384084416974783 68.0296560033581 77.54513981778895 71.41439487021549 67.72310426030562 69.86740221888398 73.26018893211561 76.25937690768717 73.69812454962327 77.39979000887024 75.05377409725102 69.22343338765417 67.14296506480295 76.40378147400953 73.04059618143859 72.19055430786453 65.6883421036577 68.68582752042492 65.68728089129525 70.53061991683249 67.83397657823403 23.876062012274915 28.913585204611437 29.746488739708855 24.099346328003367 26.1218102097838 29.213223755293125 16.82228597441865 15.734173816150074 17.14104870401976 26.27152610426028 62.54448719742743 59.4522715378347 65.87827912394768 63.961155231377056 59.66197576357291 63.18759277775357 57.54151735880678 63.411997448821246 59.372640016945375 60.1612825170852 5.905972166810628 14.27093418523009 10.811218588498507 24.76420651499552 17.705416303849187 16.15139792906299 16.199696268643603 22.7705198937742 18.560105734939675 17.916646958424437 16.934438678584158 8.281052466159071 13.519421235702842 63.890810932809025 73.11941274890654 66.58478465372565 63.88309869901818 65.02243129777773 67.63856720315 71.71434171884825 69.34734072505204 72.91961375362453 70.8278071004849 63.28073137788454 60.917353859195984 70.56601821378958 66.17196990903867 65.47266110600363 59.70190221957265 62.557973644704845 59.32012189247824 63.84610653564704 61.56156087336539 16.17628012892353 21.265447145884 22.037524763042974 16.38810843854883 18.39867694208206 21.49645042286278 9.252668282984231 8.142355617150818 9.468426929995616 18.662544151450497 58.996847701723624 54.448581670148336 60.20797858059979 59.34391401021274 54.76593234628589 57.81803014015333 53.73863370659395 58.975193184675085 54.256244757383655 54.551884370515616 10.740821038477792 7.217014578635657 29.941959328652064 21.553495955189177 20.333834725496285 21.355080952643316 28.67348379907934 24.32278301407052 22.029238981593757 22.602025266765057 13.306413183697288 19.360906616605057 59.973943873493454 69.42336394058229 63.21190083678139 59.75839155198176 61.66192717952444 65.01748715385796 68.11042538284651 65.5916169186125 69.26552661855798 66.98033391912172 68.40913337377096 65.86877044505245 75.73801807035645 70.52994126650378 69.9942711701557 64.81407271854678 67.57166916587292 64.1718015746267 68.406060139298 66.47729863001241 19.315148489096508 22.748866008693604 23.928281867165083 18.498625863208687 21.220771790194803 24.29422955683089 13.419165492657124 12.35616283278262 11.768943746534388 20.028479146994616 54.676025396396305 51.222636052722294 57.64066811973204 55.78957808058295 51.44423362201997 54.93952931924195 49.57512956817142 55.27685501445524 51.13362648371999 51.92089591611347 3.5867201133038638 31.63206546903937 20.86740236820206 20.60868211746981 23.876110511374723 34.82300980192187 28.84929027478211 21.83807256012705 26.783891510684466 17.202462827063833 24.850307248066997 49.651980523746076 58.958048658931126 52.589414579813045 49.6136169334702 51.03389006157524 54.27812002825233 57.59351946270417 55.160535903900595 58.77622446408456 56.61089393043821 68.58062854280563 65.48933504633719 75.96093610146083 68.37145278735385 68.27904853091079 64.98882720323034 67.3660422652917 63.51039035271985 66.8220717097949 65.97378950512395 17.653062967432593 17.270350154603392 18.98532204621204 15.092610513270046 18.512593753842964 20.99454933505729 15.599076862454721 15.062774505458773 11.616457534029422 14.874378992964296 44.738162329332205 40.54396827643091 46.905989866126944 45.239172662322396 40.794580373333886 44.20401035951779 39.467774321686434 44.80395231997249 40.43022403715789 41.18370730927021 30.136910468033808 19.93510147888334 19.343173950046697 21.996148133382047 32.10081040529602 26.490971523949483 20.76447157936152 24.488520758167688 14.727901903355864 22.182024657100957 53.19840479434023 62.53006220879506 56.17597827372494 53.1230753717523 54.62054600098445 57.81554587143993 61.17212319175551 58.72704580480405 62.35149010198591 60.16733300256268 67.79034724160668 64.87228796893969 75.17188832943506 68.36716377608285 68.12146441819277 64.18717498499325 66.69673066489895 62.98142676130371 66.61550975708384 65.3995093221192 16.957423108749467 18.089920276420017 19.62215289390399 14.959937991452884 18.241133030804534 21.022414920071324 13.519846727391885 12.798948920401473 9.976559266691169 15.473991621940677 48.19626909788447 44.12896774135057 50.43218216579463 48.82062310793516 44.381223409593275 47.76753164806434 42.96384529241219 48.37547860647983 44.01112903982888 44.71557122911587 11.310256773696835 11.067716552308745 8.594870361679744 14.00360092839351 8.969145310291104 10.131803567102283 9.089241787603772 16.646181797957045 13.19219119086135 73.04476740460557 80.66329219605254 73.05723158920388 74.01345087559669 71.55299886512846 70.68865652608892 78.9099214217089 77.39457538562655 80.2782419809116 79.21723250153596 38.52102019711554 36.19707585607299 45.822324572102076 42.300765353606195 41.28426645382178 34.938977892288044 37.806390278753504 34.68527750544645 39.601975084401865 36.864727604558865 14.652841752674542 20.12345635079096 18.675108448056633 17.99463396573232 15.089696674275052 14.842984418945983 16.84668990652319 17.784970504517194 20.183744154678372 20.27198663193419 70.38785019144798 61.316667117140234 63.66383723370522 67.19319677931848 62.0149754389296 62.84745960064466 64.8061220759077 67.50005690169343 60.7005867081495 58.87017664056764 2.0154018346671716 6.720624052613944 20.206430457589917 12.94449528050552 1.2437314216834916 11.103350379584711 9.944041654207547 12.816937822138975 62.43778971924371 70.42871491438693 62.98699536679263 63.25187543552316 61.453966512532546 61.46035316717335 68.73519953269562 67.03063209778666 70.07984581124066 68.80040091982247 47.860589057779485 44.951231927342626 55.24312693140441 49.00095152625772 48.541928127367484 44.25862369612963 46.76509600629453 43.093770525178535 46.98295486533001 45.491127801236146 3.3598542169732406 9.671590656757719 8.759081302121093 6.690811156000989 4.150688810134257 5.620325720482637 8.454256537920202 9.567414809699804 10.161799489708784 9.175725624974255 59.42198928165771 51.01929666829455 54.22223868171181 56.77164665098858 51.64943863323778 52.987161672340065 53.841542766335365 56.95455036383559 50.4837802844232 49.12134635965555 5.047108506897009 18.615229632539556 11.358151936554162 1.7693486699246048 9.415164169447639 8.160812686949713 10.853994957651263 63.58835820695832 71.71675925214953 64.336292758199 64.3263467866596 62.79609311211062 63.023666486003656 70.04494441483318 68.27583768697896 71.38044051450115 70.02378783337822 48.53086108254382 45.7589329863583 55.90488829417908 50.21556667383797 49.66066592140553 44.925665622946234 47.52933878614442 43.97255343425906 48.0752538329646 46.329366821780276 4.077262700166885 11.188020111176918 10.479833870960025 7.476134548823176 5.66997062333458 7.573959319660034 6.982772210605513 8.090568141981102 9.387795763454502 10.295989505908238 60.3780970595751 52.30985476042729 55.74950455872773 58.00697338775641 52.913924493822506 54.411763689532904 54.80512021818719 58.13888475317237 51.803394102827646 50.58269167570782 13.568126028171113 6.3134746710517815 5.699340591227878 4.387968288740856 8.052720064061365 6.66498191676198 68.48334609360701 76.6941744906553 69.34324947609133 69.16316769558445 67.80036295847731 68.06967870052668 75.03346760233627 73.23047965026625 76.36427072954228 74.96492876713425 47.10923052540498 44.718731571473754 54.41609386977846 50.30987971874011 49.467889647895866 43.5235449318766 46.35965282848098 43.14013767022757 47.81551757807126 45.366723593550084 9.043747671628063 16.23275223806183 15.459377186930176 12.34122253075473 10.702688289548368 12.271986510735074 8.492404560686083 9.334122016199343 12.259661342773523 15.273327027609547 65.11386808020622 57.29331108883325 60.79656655631608 62.95894099803701 57.88392209838597 59.444807188768756 59.55266411187993 63.059247070572845 56.80046082836614 55.623761023821345 7.265695042966356 19.079812389145516 9.233594758497059 17.673919380740713 9.975072964177535 81.72994077081711 90.11035419620217 82.82533801163459 82.28614728052271 81.27726676036079 81.63588486878659 88.47427638902225 86.599525263518 89.79444602927038 88.30390351507933 45.91698842302021 44.73575875474806 52.673315367738745 53.0223410866986 51.48266634792303 42.607031697604306 45.919291144986985 43.82472391606947 49.7399271781515 45.55663420125718 22.572080288219695 29.79877757565466 28.963641991622758 25.76729469218682 24.262314945920377 25.573005783927908 19.67711668905302 19.939732728013276 23.866650252748 28.773036189946826 78.03258997730387 70.73235505967352 74.36450962072968 76.32970703118383 71.29547229139413 72.98345097854725 72.51040686040106 76.36477214030211 70.26711337820973 69.17917297516968 11.83032420974674 2.1270506110079515 11.764409011482197 5.182383725865235 74.68678245303083 82.96624787587079 75.63825273591914 75.31415972498718 74.09356068144795 74.37216122587239 81.31444754118577 79.48427736486737 82.6414776710468 81.20706038479798 45.79259227440507 43.93863911527656 52.91367781369766 50.874850543906646 49.68789953855128 42.29307431634482 45.383812427942914 42.65673545684979 47.97666657752922 44.67543447705434 15.345956224050083 22.535991602928096 21.703300127608042 18.596850658839003 16.997649612326683 18.357156283438243 13.292282111250689 13.789584368196225 17.442635990804764 21.566752876921814 71.17359074352191 63.572270606935255 67.10601440223991 69.21222988982258 64.15251888130005 65.75574804003706 65.62743320114629 69.28615909916479 63.08942262504857 61.93716437491474 10.048236394345691 9.920056776296267 12.026129791986078 63.677874913952294 71.65577996987076 64.2052682982867 64.49498912148502 62.673506234398246 62.62568901873591 69.95934977850386 68.26289030844731 71.3052338384346 70.03480169998198 47.036072682679496 44.19775642598761 54.41563564712426 48.503408345284804 47.9775574026974 43.43174341329923 45.98862513609923 42.37960787824092 46.400749426812794 44.75458323298975 4.522924432046232 10.875763530572627 9.894294890008567 7.90133869356191 5.377306944550101 6.574382261193359 8.726960842769074 9.838395277264903 10.879589695062533 10.419309101563414 60.66485813668743 52.2469660306552 55.399994848407395 58.00529842953381 52.880233921943656 54.191694700075274 55.0845332987194 58.19257732494999 51.70749623717091 50.317784099187996 9.78608253813297 4.12777400572591 72.59577686033288 80.90731980153255 73.60092995065364 73.20943665852565 72.05417883225914 72.43262677866139 79.26257343300993 77.41408090523527 80.58643811476061 79.1308188413775 46.8564333657726 44.83568222250014 54.044114156217816 51.35846560053022 50.28126486705037 43.323922287663464 46.34382501176229 43.45884376519188 48.58581023810011 45.54661537893671 13.339720872731842 20.601758599268532 19.84731349604075 16.544578554419232 15.081825162500511 16.61885904334802 11.203362406034064 11.738995105193508 15.337404254357647 19.540436069764873 69.05520279548277 61.519925742543705 65.14762215885426 67.14240521605149 62.092406926183365 63.74986824600987 63.51098069311303 67.20397212631218 61.046256192167284 59.94820054076597 7.713809916102017 64.76314446343916 73.49724488853965 66.48540322953494 65.13391090623568 64.92231152821249 66.32874029236484 71.9470628085884 69.86923766374287 73.22652185600293 71.49594000280474 55.148892461802156 52.70129335831212 62.46299886436104 57.90347742094199 57.19194187117157 51.55966647089935 54.36711923851232 51.073284494152155 55.565063569718596 53.3335813417935 9.371615079894376 16.076414692312014 16.241844359388953 11.005407828463445 11.756752835100277 14.635575903050468 2.59080104813891 2.3510914541529484 6.403785134427812 13.96473149363708 60.68064985993785 54.29263641351005 58.919312188864126 59.649098279416 54.760332527335144 57.04824213174236 55.209400762551496 59.53227587754603 53.937211022891546 53.4579184121919 72.22115395770422 80.80950204706504 73.67271506510076 72.6696259171001 72.11464255740934 73.05310238908113 79.22110974470337 77.2294472127143 80.51911654874189 78.89035592112954 50.87780454039634 48.920591507625105 58.03194737286242 55.48010470394185 54.409019659606095 47.35970600688793 50.4085557241449 47.56656694403833 52.713532281854576 49.63884597564018 14.190360408425814 21.5834784828796 21.17218772475147 16.9557075318967 16.307043839136426 18.42510476298937 9.856900076473345 10.012865312757228 14.00545372425306 20.047728094692957 68.29535305816343 61.51008839874033 65.69218628922943 66.97976617974611 62.02124704688756 64.04134868206937 62.80194313491638 66.92917195138047 61.10455457534626 60.34592997832242 9.892859949583816 7.9972350265768695 2.974130389894445 7.627515456825525 17.50711927668718 9.17620973749635 6.006192315545838 9.939726915364327 7.049647263703505 99.19696402702272 94.95476493014601 105.70970316017916 91.50971679701179 92.97173399208309 96.1662913192608 97.04681975605085 92.46971459771412 92.2303766477017 94.98145512516305 59.51140719589011 52.974243073948806 54.36967503274132 56.148393995294605 58.314902246853464 58.20322034876502 62.39814380429803 62.41333724222016 58.360737287228496 53.309314566770134 7.621906488595476 12.395281110064735 16.848735665137216 6.440536259718648 11.472351934252895 13.893396788519858 10.780539830839247 5.605213352173974 13.314601331013288 17.405905053064494 7.889284693919797 11.436001839119696 9.252557129796873 15.644190122607595 1.9518281043472139 3.9096364074079166 0.6701761163553593 3.3255066701876825 104.32698816400148 99.98526211906267 110.534793904167 95.50740961551797 97.20415305843783 101.47053899216606 102.06132420010506 97.47897478076234 96.61446839470074 99.92961816300003 67.65918766407938 60.81671808250053 62.06801958059193 64.36939725105867 66.27928811907171 65.86460709279501 71.06450928304926 71.15823786742256 67.12001353632022 61.42654280802432 17.115751365769583 19.4099961747571 19.157978057667236 13.85114532298448 18.815130769456452 18.274391738691552 20.65605947363553 14.154628494014231 19.969208419932972 22.349953673819932 10.898616827631907 1.565841030464553 9.804073257131074 5.985939650041572 5.963623862215389 7.389274638107453 7.887014553415787 96.46326568683166 92.12840062105232 102.7012609580763 87.78896038798463 89.44596910172686 93.59468331280887 94.20645989596112 89.62316421839097 88.83224042367975 92.08011482330593 60.299523948472526 53.338680533553784 54.529173041609766 57.058230021686384 58.83683406342699 58.30193799068514 64.0096008069237 64.16223509886395 60.14970931978606 54.072079269414004 15.210476293403735 12.200326973867757 11.45111549685492 7.694589393104651 11.819539005257205 10.408227244008994 16.653987291624794 8.834212665770739 12.569279051895048 14.486331432634822 10.59723216420027 20.477037984986165 11.154154994154565 7.8293748358046 11.636408857143937 8.213820892411253 101.01618937107047 96.80742576750133 107.60545262123549 93.63013941907748 95.03438541457905 97.93943839494973 98.90114182972206 94.33171710007095 94.25676798694211 96.85679421056886 60.251467074147094 53.89763557672291 55.357701841575796 56.85971274674114 59.156090117413285 59.19428939652341 62.82032092144605 62.783025256393856 58.73247937782116 54.08864618484953 5.726671808108306 14.315624321988826 19.644357365353244 8.701932019488412 13.312139316449015 16.463889105175223 10.184243347543035 7.408310873132943 15.321334605849454 19.753310311351772 9.879904169470551 7.3993243727874 6.8634144982285425 8.793787555894122 8.848300752914014 95.21660498386808 90.89228736835307 101.49310697144168 86.68142707364134 88.30844058931304 92.3265754415439 92.97293249484046 88.38876853555989 87.67509618013467 90.85392310454601 58.756800601532696 51.80965928611265 53.010054330693215 55.51065720729786 57.30351306949575 56.78760638384975 62.44772058707088 62.59865068033749 58.58541282867587 52.52821657368333 14.441908092568275 10.635128747178047 10.472278065437274 6.27534784862143 10.256546327236464 9.03168688473883 15.45919025996534 7.557442339765153 11.014388887294913 13.102436455412883 13.828924937128173 15.348089082855408 14.982208128189889 17.025780126015043 90.65069994824275 86.24471425379927 96.55085924254092 80.97041648668443 82.82330047883887 87.98154229023528 88.29243219388792 83.7362827615398 82.35055795372448 86.11445912647831 59.127226831477394 51.837239522362616 52.74122563483226 56.117848561683644 57.37471455571988 56.33651357735621 63.76642800349749 64.08590978498248 60.2132413437705 53.03630994705377 23.986448186945026 15.201996560632075 7.43740418931719 14.43740219777879 15.543548335946456 10.40365479878985 23.846316331893565 16.191149354046217 14.80642216112324 13.105104736954384 3.326533801158526 1.4036497372080536 3.82388624549377 102.38867409284948 98.04482113385576 108.58922839223726 93.55561381720864 95.25268532150145 99.53763385453001 100.12030767194862 95.5382640604969 94.66392929564729 97.98727032482957 65.99370039995773 59.108371074846666 60.33786279492519 62.71954520738002 64.58473051810968 64.12620767804646 69.49999179266717 69.61233456935841 65.5807785541222 59.76128424602654 16.67776683712131 17.742650775669112 17.207018635996025 12.372230279922581 17.19986277578582 16.391336251667266 19.772547031550307 12.859354440227182 18.252042562361638 20.469319304315412 3.9347251362864033 1.9936543326848652 101.9432477665003 97.63388160167443 108.26656073495577 93.52910281845334 95.14120928376529 99.02162121681931 99.71753241187311 95.13300335310595 94.49526546216423 97.60801186873168 64.20888107041816 57.456272728566056 58.75528096264677 60.89321681646188 62.885938459983294 62.56830389072217 67.45576868030238 67.52582402766285 63.48113302944318 57.97996908927952 13.390723387344744 16.08139857409053 17.31862260002138 10.27206935173551 15.390087174294461 15.689411068032816 16.750603674054048 10.379653435467954 16.749421545008296 19.694454467376513 3.686922456969328 103.78324167786262 99.43779138965618 109.97677185652599 94.91985948763835 96.62476466501978 100.93533583900411 101.51278565270796 96.9310185923271 96.04089451691075 99.37853670219151 67.32635498705268 60.458862190904 61.69706803574195 64.04523748361943 65.92970614328108 65.4886788667496 70.78632083917458 70.88962279141856 66.8546397131215 61.09364346792656 17.2766838059265 19.071171429915474 18.584269890357646 13.603380895879637 18.50395051103227 17.793494601911448 20.662556833842583 13.989046146551837 19.602377635594035 21.871330748789433 103.929573239216 99.62198262441673 110.25773678045921 95.52108768240844 97.13462909543064 101.0039666158504 101.70593975999934 97.12142163989691 96.48891728176483 99.59743849041836 65.95309393393164 59.246523108911504 60.56538643260825 62.62442030091671 64.65920670488957 64.38380494189126 69.09827394400341 69.1496957071157 65.10108755872184 59.72833172844359 13.931751767102261 17.931803236839627 19.289028777695037 12.033001365637428 17.20289727018543 17.67763253365102 17.79694532238938 11.964194096886096 18.634544873637907 21.674622029860274 4.451638049337389 7.383160622038518 15.057114428238313 12.136423002801532 3.6051986959793343 2.5993087839199167 6.93613705751259 11.181711197308456 4.806481516252904 50.955257396276714 52.91637354145727 51.024781915576405 53.5688285929045 50.13904128511344 48.02035242331662 55.10830788718638 56.118254553904215 57.90363451311623 54.53555049086696 98.94398302124627 86.80934171521233 85.26052044714629 92.77756822609268 87.76367713448043 86.2544624476334 93.67565501104781 93.70140170913973 85.88400113815368 82.2641845705694 10.941114028876557 11.884007119010155 9.106863502828901 3.4580218746185865 2.0941804454065402 2.509588096735146 7.751754749373221 0.9391653382197855 47.947609790447 49.471332558823136 47.57849617522702 50.4154047808345 46.986200868727636 44.72468004133983 52.484896745966886 53.523962610015005 55.07502645077508 51.20947045202065 94.82084433018609 82.5750849691968 80.90067595461146 88.5285810635044 83.53702633851177 81.94455328223246 89.58710419572904 89.4758801265767 81.64016732511418 77.96632635955451 17.385424439802637 14.727068492745506 10.984737840308926 8.875770074905967 13.337997214420342 14.626237609082132 10.776587846813063 58.33791105437193 60.226675230265435 58.334005858732084 60.9421790019466 57.511791613572385 55.36938910875192 62.459752505881575 63.46393485679278 65.28063456656587 61.87985349097095 105.69747727770817 93.3457812015015 91.4071122448318 99.27592858643531 94.3173703840724 92.58437537460749 100.48550159332225 100.25548883703192 92.39795852184866 88.63410363337641 2.9241016496044074 15.341779592234817 12.678871330996044 10.923108269232342 4.152840632407652 11.016623430352976 51.5645750746838 51.38769081414971 49.55527048623816 53.43917449983382 50.126140497904395 47.41520125323242 57.18674207290643 58.284857960113065 59.07697336695768 53.553998576728475 92.31384890609797 79.31814052957559 76.36325647439143 85.08067753499923 80.33497846078153 77.97458180418302 87.37114803929781 86.22315030739279 78.309704974104 74.16653441270837 12.557955795234399 9.781745813384077 8.440167683488497 1.74555248745592 8.211323941222314 51.22686510657938 51.47045872213186 49.61359901238032 53.258127287360665 49.89998530699183 47.285355626955926 56.60011486020288 57.68727854748464 58.67436074018548 53.54172432313298 93.56353494540912 80.71911460578823 78.04719644335074 86.53434562239457 81.72521738995516 79.53450026947144 88.54660957138819 87.63432346906059 79.7256224047917 75.68119548010682 3.482406728580525 5.124067421914678 11.205935837438648 4.348413405533241 47.358820550218205 49.391917674112534 47.501687622448124 49.98684922308536 46.55798735700925 44.46366956795569 51.50685072614628 52.51837141205029 54.29868143337933 50.98215018056974 95.77017999529544 83.77219308814331 82.45451063442275 89.75911698769053 84.71557150756303 83.34017842003595 90.46991521761221 90.64936352376643 82.86093337693427 79.3297479066651 4.584530877366912 8.698930317194158 2.2352385211926395 49.793471103117 51.44125647222872 49.548170543333256 52.30572762729033 48.874968450265435 46.65311838354194 54.21013032506663 55.23998697284559 56.86821019877323 53.14857048061947 96.91378557566966 84.66774936563695 82.97143015863665 90.62018010821733 85.6300945005311 84.02836358742515 91.67809317196935 91.56896557079705 83.73221906937125 80.05232614474185 6.8210620445996195 2.5770046024606192 46.032846540108046 47.332354149139064 45.441101513608324 48.42162982168737 44.99792596292568 42.66692581770226 50.76381289756383 51.81643592082702 53.24200705238658 49.12749019857907 92.37248949129224 80.09269831755417 78.39241534754333 86.04194102416537 81.05673849384786 79.44384076274069 87.15118656628795 86.99564265310985 79.15518525088693 75.46819856963566 6.905317136996519 49.70112627955466 50.08453275863662 48.22027741553241 51.77973377698257 48.40941244441747 45.828212680847926 55.003370348819544 56.08737530475356 57.12590699058587 52.120053704781384 92.6953786629417 79.945603626562 77.45719884365217 85.79043435219191 80.9447022430566 78.86126788021153 87.63852218017726 86.86382005593678 78.96171990208437 74.98105139757688 48.461785743414424 49.86366431329962 47.97166053336391 50.89083239903999 47.46402809256419 45.16488805891947 53.08257065487503 54.12701487665449 55.62715177191696 51.63655851859818 94.92276459536903 82.60905975061269 80.82860859862615 88.55120836050664 83.57613080970403 81.92008292388135 89.70893178659433 89.51490135920662 81.66750793490932 77.9526707872572 7.400103639024617 7.08087106391247 3.4277845812140098 2.385272857909228 5.362530716699828 7.20964821617011 8.22314053404519 7.583108000216281 6.232746298233883 56.32252703966835 48.255186212322805 51.82340958114806 53.938938289072176 48.85240222163425 50.41337167202354 50.74729072782017 54.06408840239366 47.75793284824248 46.60864005939619 1.8930896891963687 5.1016596374345005 5.543680030761254 5.433824055557065 13.578670375355513 14.343671207975138 11.797151827076812 2.7207595440045234 50.28463554057761 41.414227354547045 44.57350519748216 47.21352421184454 42.06682480202924 43.316708913633285 44.70524132298141 47.453860625237205 40.857070958927174 39.45056414117166 5.649419203285212 4.865770366022127 3.8367317902141527 13.850776855223819 14.716034654466032 12.616851504902503 4.155648339211738 51.84161676592205 42.68797856432034 45.53588856403107 48.53605196393864 43.367830386509006 44.42514854396957 46.26779290438575 48.82638935067841 42.09888508136957 40.5136085480658 3.4311877722676236 6.065275048479797 8.48494795734175 9.242790541082279 6.984516484711228 3.0930285825280697 52.903530451369896 44.97698412898243 48.77543561958997 50.62128651113714 45.55579363378292 47.24864603531202 47.329772871266016 50.718439778356256 44.50188082161625 43.488378680759574 3.1105185454395134 9.564016421402695 10.552535284088709 9.457826284222968 5.182334876925645 55.38554279432946 46.8701848207325 50.11651079469647 52.62914082225721 47.50295521062881 48.84609549926687 49.80325041293943 52.822954952773344 46.33321580170573 44.98934831074853 12.565341136548476 13.58560554935769 12.545781137539043 6.522567032362865 55.66278625220046 46.495795640861196 49.17955539054209 52.356643964887894 47.183580430716965 48.16062530569974 50.086911731520075 52.65707749125318 45.895988695833154 44.225883391336716 1.1148374818000655 4.1937947660228865 11.4015529773358 58.43992186127051 51.82354005108763 56.36133666187152 57.22166999126358 52.305688869859075 54.523990134462345 52.94504676549418 57.134288958133816 51.45312849241925 50.914536804259214 4.052995876768612 12.062301014530425 58.335594016179876 51.96711039691581 56.669666486814506 57.30914623722997 52.42896450598425 54.757743647885185 52.86151508230693 57.18633518540718 51.61896792739798 51.18806634967878 9.212439922005693 54.30151938049776 47.951615921224146 52.78717321317236 53.269821415783575 48.40364600290699 50.80279474185835 48.82037873471626 53.13823804538506 47.61596388103811 47.271066900426824 50.24870125861603 42.02247224463035 45.7011012460291 47.710984828118654 42.62047930190183 44.21480991657034 44.667705359199694 47.848888321721674 41.52716932461051 40.43507089154119 13.85728234498823 21.43762586692021 10.011803501903783 12.79460042200863 17.56288460144174 5.5825645078735615 8.197949065726906 14.960048611116166 19.957285151218134 9.389694280215155 6.037067763844987 1.0660653936728897 5.161617676245329 10.725083797639492 6.918884527519083 1.103261979396162 6.166407337179105 11.478270117966623 10.09718127367132 4.2664152448236825 19.656094714397565 13.258129253657499 8.63952508497238 5.733874985765034 5.207095218784411 7.867968955811125 9.503317884346085 1.8248487498249772 6.899380080565206 11.056705024951365 5.831875117655255 9.780219386189321 5.938904534650266 2.166182663353726 7.2034647701473515 15.435346522230063 9.524499889268242 4.520865899111109 4.078133688374256 7.928191858201804 11.767466496692405 16.80941477440528 7.913507623199498 12.451285366482734 5.077293583776902
84.82394222419819 84.68702497873781 82.82413579831518 87.32549389922673 90.43113210391414 103.48761982935471 86.45113802103157 78.37651284556532 91.47440100064125 92.29276897061222 115.38858022113808 113.45314088879569 113.85925730040154 109.7252507020349 114.37885161397426 117.24285306100401 121.11232501796603 117.84457618300111 116.86768152543598 113.17918900002988 118.94666295974022 108.19619536002988 111.41819007089276 113.52579627690243 116.37757437735443 102.18718380986286 104.60086706318907 111.2289303235537 106.82625334268766 115.99632234791734 158.59567063744043 161.22844050544163 154.9075213419032 159.58460597436715 160.8161395449072 157.49498927387333 148.90109836303677 155.4810569497799 154.4116442119581 159.7834870354882 35.13128666807395 37.06089943819199 22.868912156083745 33.419292283965945 33.494146250918746 23.24143167524161 30.190944198951488 26.816739947668317 34.165867894253 31.90893968809487 54.245203301205535 47.838536393504526 46.33881217614734 45.956235916732936 47.61922414895218 46.51548888230544 48.101476659739745 45.50129342288038 38.38790710526028 41.439157662957975 73.8524018407281 83.74306424547902 79.25882830342141 72.62505087352693 77.84870149413841 83.68712934286307 82.9130832888918 79.85566829840289 83.78326537016505 80.7333499414539 92.30599185003666 90.33263142778279 99.42070078081352 96.2388193709109 95.42327270374945 88.7963942103422 91.8433925728163 88.91002422994599 93.76705209277151 91.0353683561246 45.958662774768634 49.44796197165286 50.709639569148365 45.31536364410294 47.97241779074343 51.06626331171946 39.39738424315544 38.2825518180582 38.52062735373688 46.732262813847356 66.92776424095307 68.61827915790262 76.83566999286802 71.576871898304 68.47051967794312 73.28938264736851 63.14061044232239 70.49445234448123 68.90427487965127 71.24531417262025
